0 0.063779 0.151042 0.056195 0.037463 
0 0.064510 0.213816 0.056195 0.037463 
0 0.065424 0.276590 0.056195 0.037463 
0 0.066338 0.339638 0.056195 0.037463 
0 0.067251 0.402138 0.056195 0.037463 
0 0.067982 0.464912 0.056195 0.037463 
0 0.067982 0.838268 0.056195 0.037463 
0 0.068165 0.527138 0.056195 0.037463 
0 0.068165 0.714090 0.056195 0.037463 
0 0.068165 0.776316 0.056195 0.037463 
0 0.068348 0.589638 0.056195 0.037463 
0 0.068348 0.651864 0.056195 0.037463 
0 0.105811 0.151316 0.056195 0.037463 
0 0.106360 0.214090 0.056195 0.037463 
0 0.107273 0.276864 0.056195 0.037463 
0 0.108187 0.339638 0.056195 0.037463 
0 0.108918 0.402412 0.056195 0.037463 
0 0.109466 0.464912 0.056195 0.037463 
0 0.109466 0.837719 0.056195 0.037463 
0 0.109649 0.775768 0.056195 0.037463 
0 0.109832 0.527138 0.056195 0.037463 
0 0.109832 0.713542 0.056195 0.037463 
0 0.110015 0.589364 0.056195 0.037463 
0 0.110015 0.651590 0.056195 0.037463 
0 0.147844 0.151864 0.056195 0.037463 
0 0.148392 0.214364 0.056195 0.037463 
0 0.149123 0.277138 0.056195 0.037463 
0 0.149854 0.339912 0.056195 0.037463 
0 0.150585 0.402412 0.056195 0.037463 
0 0.151133 0.464912 0.056195 0.037463 
0 0.151133 0.837171 0.056195 0.037463 
0 0.151316 0.527138 0.056195 0.037463 
0 0.151316 0.713268 0.056195 0.037463 
0 0.151316 0.775219 0.056195 0.037463 
0 0.151499 0.589090 0.056195 0.037463 
0 0.151499 0.651042 0.056195 0.037463 
0 0.189876 0.152138 0.056195 0.037463 
0 0.190424 0.214912 0.056195 0.037463 
0 0.190972 0.277412 0.056195 0.037463 
0 0.191520 0.339912 0.056195 0.037463 
0 0.192069 0.402412 0.056195 0.037463 
0 0.192617 0.464638 0.056195 0.037463 
0 0.192617 0.836349 0.056195 0.037463 
0 0.192800 0.526864 0.056195 0.037463 
0 0.192800 0.712719 0.056195 0.037463 
0 0.192800 0.774397 0.056195 0.037463 
0 0.192982 0.588816 0.056195 0.037463 
0 0.192982 0.650768 0.056195 0.037463 
0 0.231908 0.152412 0.056195 0.037463 
0 0.232273 0.215186 0.056195 0.037463 
0 0.232822 0.277686 0.056195 0.037463 
0 0.233187 0.340186 0.056195 0.037463 
0 0.233735 0.402686 0.056195 0.037463 
0 0.233918 0.464638 0.056195 0.037463 
0 0.234101 0.526864 0.056195 0.037463 
0 0.234101 0.773849 0.056195 0.037463 
0 0.234101 0.835526 0.056195 0.037463 
0 0.234284 0.588542 0.056195 0.037463 
0 0.234284 0.650219 0.056195 0.037463 
0 0.234284 0.711897 0.056195 0.037463 
0 0.273940 0.152961 0.056195 0.037463 
0 0.274306 0.215461 0.056195 0.037463 
0 0.274488 0.277961 0.056195 0.037463 
0 0.274854 0.340461 0.056195 0.037463 
0 0.275219 0.402686 0.056195 0.037463 
0 0.275402 0.464638 0.056195 0.037463 
0 0.275402 0.834704 0.056195 0.037463 
0 0.275585 0.526590 0.056195 0.037463 
0 0.275585 0.588268 0.056195 0.037463 
0 0.275585 0.649945 0.056195 0.037463 
0 0.275585 0.711349 0.056195 0.037463 
0 0.275585 0.773026 0.056195 0.037463 
0 0.315972 0.153235 0.056195 0.037463 
0 0.316155 0.215735 0.056195 0.037463 
0 0.316338 0.278235 0.056195 0.037463 
0 0.316338 0.340735 0.056195 0.037463 
0 0.316520 0.402686 0.056195 0.037463 
0 0.316703 0.464638 0.056195 0.037463 
0 0.316886 0.526590 0.056195 0.037463 
0 0.316886 0.587993 0.056195 0.037463 
0 0.316886 0.649397 0.056195 0.037463 
0 0.316886 0.710800 0.056195 0.037463 
0 0.316886 0.772478 0.056195 0.037463 
0 0.316886 0.833882 0.056195 0.037463 
0 0.357822 0.153509 0.056195 0.037463 
0 0.357822 0.278509 0.056195 0.037463 
0 0.357822 0.340735 0.056195 0.037463 
0 0.358004 0.216009 0.056195 0.037463 
0 0.358004 0.402961 0.056195 0.037463 
0 0.358004 0.464638 0.056195 0.037463 
0 0.358004 0.526316 0.056195 0.037463 
0 0.358004 0.587719 0.056195 0.037463 
0 0.358004 0.649123 0.056195 0.037463 
0 0.358004 0.833333 0.056195 0.037463 
0 0.358187 0.710252 0.056195 0.037463 
0 0.358187 0.771656 0.056195 0.037463 
0 0.399123 0.464912 0.056195 0.037463 
0 0.399123 0.526316 0.056195 0.037463 
0 0.399123 0.587445 0.056195 0.037463 
0 0.399123 0.648849 0.056195 0.037463 
0 0.399306 0.341009 0.056195 0.037463 
0 0.399306 0.402961 0.056195 0.037463 
0 0.399306 0.709978 0.056195 0.037463 
0 0.399306 0.771107 0.056195 0.037463 
0 0.399306 0.832785 0.056195 0.037463 
0 0.399488 0.278783 0.056195 0.037463 
0 0.399671 0.154057 0.056195 0.037463 
0 0.399671 0.216283 0.056195 0.037463 
0 0.440241 0.526316 0.056195 0.037463 
0 0.440241 0.587445 0.056195 0.037463 
0 0.440241 0.648575 0.056195 0.037463 
0 0.440241 0.709430 0.056195 0.037463 
0 0.440241 0.770559 0.056195 0.037463 
0 0.440424 0.402961 0.056195 0.037463 
0 0.440424 0.464912 0.056195 0.037463 
0 0.440424 0.832237 0.056195 0.037463 
0 0.440607 0.341009 0.056195 0.037463 
0 0.440789 0.278783 0.056195 0.037463 
0 0.441155 0.216557 0.056195 0.037463 
0 0.441338 0.154057 0.056195 0.037463 
0 0.481177 0.587445 0.056195 0.037463 
0 0.481177 0.648300 0.056195 0.037463 
0 0.481177 0.709430 0.056195 0.037463 
0 0.481177 0.770285 0.056195 0.037463 
0 0.481177 0.831963 0.056195 0.037463 
0 0.481360 0.464912 0.056195 0.037463 
0 0.481360 0.526316 0.056195 0.037463 
0 0.481542 0.402961 0.056195 0.037463 
0 0.481908 0.341009 0.056195 0.037463 
0 0.482091 0.279057 0.056195 0.037463 
0 0.482456 0.216557 0.056195 0.037463 
0 0.482822 0.154331 0.056195 0.037463 
0 0.521930 0.770285 0.056195 0.037463 
0 0.521930 0.831689 0.056195 0.037463 
0 0.522113 0.587171 0.056195 0.037463 
0 0.522113 0.648300 0.056195 0.037463 
0 0.522113 0.709156 0.056195 0.037463 
0 0.522295 0.526042 0.056195 0.037463 
0 0.522478 0.464638 0.056195 0.037463 
0 0.522661 0.402961 0.056195 0.037463 
0 0.523026 0.341009 0.056195 0.037463 
0 0.523392 0.279057 0.056195 0.037463 
0 0.523757 0.216557 0.056195 0.037463 
0 0.523940 0.154331 0.056195 0.037463 
0 0.562683 0.831689 0.056195 0.037463 
0 0.562865 0.709430 0.056195 0.037463 
0 0.562865 0.770285 0.056195 0.037463 
0 0.563048 0.587445 0.056195 0.037463 
0 0.563048 0.648300 0.056195 0.037463 
0 0.563231 0.526316 0.056195 0.037463 
0 0.563596 0.464638 0.056195 0.037463 
0 0.563779 0.402961 0.056195 0.037463 
0 0.564327 0.341009 0.056195 0.037463 
0 0.564693 0.279057 0.056195 0.037463 
0 0.564876 0.216557 0.056195 0.037463 
0 0.565241 0.154331 0.056195 0.037463 
0 0.603618 0.770833 0.056195 0.037463 
0 0.603618 0.832237 0.056195 0.037463 
0 0.603801 0.709704 0.056195 0.037463 
0 0.603984 0.648575 0.056195 0.037463 
0 0.604167 0.587445 0.056195 0.037463 
0 0.604349 0.526316 0.056195 0.037463 
0 0.604532 0.464912 0.056195 0.037463 
0 0.605080 0.402961 0.056195 0.037463 
0 0.605446 0.341009 0.056195 0.037463 
0 0.605994 0.278783 0.056195 0.037463 
0 0.606360 0.216557 0.056195 0.037463 
0 0.606725 0.154057 0.056195 0.037463 
0 0.644737 0.771382 0.056195 0.037463 
0 0.644737 0.832785 0.056195 0.037463 
0 0.644920 0.710252 0.056195 0.037463 
0 0.645102 0.649123 0.056195 0.037463 
0 0.645285 0.587993 0.056195 0.037463 
0 0.645468 0.526590 0.056195 0.037463 
0 0.645833 0.464912 0.056195 0.037463 
0 0.646199 0.403235 0.056195 0.037463 
0 0.646747 0.341009 0.056195 0.037463 
0 0.647295 0.278783 0.056195 0.037463 
0 0.647844 0.216557 0.056195 0.037463 
0 0.648209 0.154057 0.056195 0.037463 
0 0.685855 0.772204 0.056195 0.037463 
0 0.685855 0.833882 0.056195 0.037463 
0 0.686038 0.710800 0.056195 0.037463 
0 0.686221 0.649671 0.056195 0.037463 
0 0.686404 0.588268 0.056195 0.037463 
0 0.686586 0.526864 0.056195 0.037463 
0 0.686952 0.465186 0.056195 0.037463 
0 0.687500 0.403235 0.056195 0.037463 
0 0.688231 0.341283 0.056195 0.037463 
0 0.688962 0.278783 0.056195 0.037463 
0 0.689510 0.216557 0.056195 0.037463 
0 0.690058 0.154057 0.056195 0.037463 
0 0.727156 0.773300 0.056195 0.037463 
0 0.727156 0.834978 0.056195 0.037463 
0 0.727339 0.650219 0.056195 0.037463 
0 0.727339 0.711623 0.056195 0.037463 
0 0.727522 0.588816 0.056195 0.037463 
0 0.727887 0.527138 0.056195 0.037463 
0 0.728253 0.465461 0.056195 0.037463 
0 0.728984 0.403509 0.056195 0.037463 
0 0.729715 0.341283 0.056195 0.037463 
0 0.730446 0.279057 0.056195 0.037463 
0 0.731177 0.216557 0.056195 0.037463 
0 0.731908 0.154057 0.056195 0.037463 
0 0.768640 0.651042 0.056195 0.037463 
0 0.768640 0.712719 0.056195 0.037463 
0 0.768640 0.774397 0.056195 0.037463 
0 0.768640 0.836075 0.056195 0.037463 
0 0.768823 0.589364 0.056195 0.037463 
0 0.769189 0.527686 0.056195 0.037463 
0 0.769554 0.465735 0.056195 0.037463 
0 0.770285 0.403509 0.056195 0.037463 
0 0.771199 0.341283 0.056195 0.037463 
0 0.772113 0.279057 0.056195 0.037463 
0 0.773026 0.216557 0.056195 0.037463 
0 0.773940 0.154057 0.056195 0.037463 
0 0.809942 0.713542 0.056195 0.037463 
0 0.809942 0.775493 0.056195 0.037463 
0 0.810124 0.651590 0.056195 0.037463 
0 0.810124 0.837171 0.056195 0.037463 
0 0.810307 0.589912 0.056195 0.037463 
0 0.810490 0.527961 0.056195 0.037463 
0 0.811038 0.466009 0.056195 0.037463 
0 0.811769 0.403783 0.056195 0.037463 
0 0.812865 0.341557 0.056195 0.037463 
0 0.813779 0.279057 0.056195 0.037463 
0 0.814876 0.216557 0.056195 0.037463 
0 0.815789 0.154057 0.056195 0.037463 
0 0.851425 0.714364 0.056195 0.037463 
0 0.851425 0.776316 0.056195 0.037463 
0 0.851608 0.652412 0.056195 0.037463 
0 0.851608 0.838268 0.056195 0.037463 
0 0.851791 0.590461 0.056195 0.037463 
0 0.851974 0.528509 0.056195 0.037463 
0 0.852522 0.466283 0.056195 0.037463 
0 0.853436 0.404057 0.056195 0.037463 
0 0.854532 0.341831 0.056195 0.037463 
0 0.855629 0.279331 0.056195 0.037463 
0 0.856725 0.216557 0.056195 0.037463 
0 0.857639 0.154057 0.056195 0.037463 