0 0.056919 0.832744 0.057566 0.038560 
0 0.057467 0.769974 0.057566 0.038560 
0 0.057672 0.139403 0.057566 0.038377 
0 0.058035 0.202467 0.057566 0.038377 
0 0.058015 0.707206 0.057566 0.038560 
0 0.058398 0.265531 0.057566 0.038377 
0 0.058565 0.644162 0.057566 0.038560 
0 0.058761 0.328599 0.057566 0.038560 
0 0.058942 0.391664 0.057566 0.038560 
0 0.058932 0.581114 0.057566 0.038560 
0 0.059123 0.454728 0.057566 0.038560 
0 0.059121 0.517787 0.057566 0.038560 
0 0.098952 0.833297 0.057566 0.038560 
0 0.099682 0.770533 0.057566 0.038560 
0 0.100247 0.140514 0.057566 0.038377 
0 0.100230 0.707764 0.057566 0.038560 
0 0.100428 0.203574 0.057566 0.038377 
0 0.100790 0.266641 0.057566 0.038560 
0 0.100777 0.644995 0.057566 0.038560 
0 0.101154 0.329711 0.057566 0.038560 
0 0.101145 0.581947 0.057566 0.038560 
0 0.101334 0.392775 0.057566 0.038560 
0 0.101330 0.518893 0.057566 0.038560 
0 0.101515 0.455839 0.057566 0.038560 
0 0.140984 0.833849 0.057566 0.038560 
0 0.141714 0.771086 0.057566 0.038560 
0 0.142259 0.708591 0.057566 0.038560 
0 0.142807 0.645822 0.057566 0.038560 
0 0.143005 0.141631 0.057566 0.038377 
0 0.143185 0.204694 0.057566 0.038560 
0 0.143366 0.267759 0.057566 0.038560 
0 0.143357 0.582779 0.057566 0.038560 
0 0.143544 0.331097 0.057566 0.038560 
0 0.143540 0.520000 0.057566 0.038560 
0 0.143727 0.393887 0.057566 0.038560 
0 0.143725 0.456946 0.057566 0.038560 
0 0.183016 0.834402 0.057566 0.038560 
0 0.183747 0.771638 0.057566 0.038560 
0 0.184474 0.709148 0.057566 0.038560 
0 0.185022 0.646379 0.057566 0.038560 
0 0.185385 0.583879 0.057566 0.038560 
0 0.185763 0.142753 0.057566 0.038560 
0 0.185761 0.205811 0.057566 0.038560 
0 0.185750 0.521105 0.057566 0.038560 
0 0.185938 0.269149 0.057566 0.038560 
0 0.185936 0.332208 0.057566 0.038560 
0 0.185935 0.458052 0.057566 0.038560 
0 0.186117 0.395272 0.057566 0.038560 
0 0.225050 0.834680 0.057566 0.038560 
0 0.225778 0.772190 0.057566 0.038560 
0 0.226323 0.709695 0.057566 0.038560 
0 0.227051 0.647205 0.057566 0.038560 
0 0.227413 0.584705 0.057566 0.038560 
0 0.227961 0.521937 0.057566 0.038560 
0 0.228144 0.459158 0.057566 0.038560 
0 0.228337 0.143869 0.057566 0.038560 
0 0.228335 0.206927 0.057566 0.038560 
0 0.228330 0.270260 0.057566 0.038560 
0 0.228328 0.333319 0.057566 0.038560 
0 0.228325 0.396378 0.057566 0.038560 
0 0.266902 0.834953 0.057566 0.038560 
0 0.267628 0.772738 0.057566 0.038560 
0 0.268356 0.710248 0.057566 0.038560 
0 0.268898 0.648027 0.057566 0.038560 
0 0.269443 0.585532 0.057566 0.038560 
0 0.269988 0.523038 0.057566 0.038560 
0 0.270351 0.460538 0.057566 0.038560 
0 0.270536 0.397484 0.057566 0.038560 
0 0.270723 0.271372 0.057566 0.038560 
0 0.270721 0.334431 0.057566 0.038560 
0 0.270913 0.144986 0.057566 0.038560 
0 0.270908 0.208319 0.057566 0.038560 
0 0.308752 0.835501 0.057566 0.038560 
0 0.309480 0.773011 0.057566 0.038560 
0 0.310022 0.710790 0.057566 0.038560 
0 0.310747 0.648575 0.057566 0.038560 
0 0.311290 0.586354 0.057566 0.038560 
0 0.311832 0.524133 0.057566 0.038560 
0 0.312377 0.461638 0.057566 0.038560 
0 0.312742 0.398863 0.057566 0.038560 
0 0.312927 0.335811 0.057566 0.038560 
0 0.313115 0.272483 0.057566 0.038560 
0 0.313300 0.209430 0.057566 0.038560 
0 0.313487 0.146103 0.057566 0.038560 
0 0.350422 0.835768 0.057566 0.038560 
0 0.351147 0.773553 0.057566 0.038560 
0 0.351872 0.711337 0.057566 0.038560 
0 0.352411 0.649390 0.057566 0.038560 
0 0.353137 0.587176 0.057566 0.038560 
0 0.353675 0.525227 0.057566 0.038560 
0 0.354219 0.462734 0.057840 0.038560 
0 0.354584 0.399959 0.057840 0.038560 
0 0.354953 0.336911 0.057840 0.038560 
0 0.355324 0.273589 0.057566 0.038560 
0 0.355692 0.210542 0.057566 0.038560 
0 0.356063 0.147219 0.057566 0.038560 
0 0.391908 0.836031 0.057566 0.038560 
0 0.392630 0.774090 0.057566 0.038560 
0 0.393356 0.711874 0.057566 0.038560 
0 0.394078 0.649933 0.057566 0.038560 
0 0.394801 0.587992 0.057566 0.038560 
0 0.395339 0.526044 0.057840 0.038560 
0 0.396062 0.463829 0.057840 0.038560 
0 0.396427 0.401055 0.057840 0.038560 
0 0.396978 0.338012 0.057840 0.038560 
0 0.397350 0.274689 0.057840 0.038560 
0 0.397901 0.211647 0.057566 0.038560 
0 0.398272 0.148325 0.057566 0.038560 
0 0.433392 0.836568 0.057566 0.038560 
0 0.434117 0.774352 0.057566 0.038560 
0 0.434655 0.712680 0.057566 0.038560 
0 0.435377 0.650738 0.057566 0.038560 
0 0.436282 0.588802 0.057566 0.038560 
0 0.437002 0.526859 0.057840 0.038560 
0 0.437725 0.464646 0.057840 0.038560 
0 0.438272 0.401877 0.057840 0.038560 
0 0.438637 0.339103 0.057840 0.038560 
0 0.439192 0.275785 0.057840 0.038560 
0 0.439744 0.212742 0.057840 0.038560 
0 0.440298 0.149424 0.057566 0.038560 
0 0.474511 0.837093 0.057566 0.038560 
0 0.475232 0.775152 0.057566 0.038560 
0 0.475955 0.713211 0.057566 0.038560 
0 0.476860 0.651275 0.057566 0.038560 
0 0.477579 0.589607 0.057566 0.038560 
0 0.478299 0.527665 0.057840 0.038560 
0 0.479022 0.465451 0.057840 0.038560 
0 0.479749 0.402961 0.057840 0.038560 
0 0.480301 0.339918 0.057840 0.038560 
0 0.480852 0.276875 0.057840 0.038560 
0 0.481586 0.213838 0.057840 0.038560 
0 0.481957 0.150514 0.057840 0.038560 
0 0.515446 0.837617 0.057566 0.038377 
0 0.516351 0.775678 0.057566 0.038377 
0 0.517256 0.713742 0.057566 0.038560 
0 0.517976 0.652075 0.057566 0.038560 
0 0.518877 0.590412 0.057840 0.038560 
0 0.519600 0.528197 0.057840 0.038560 
0 0.520506 0.465987 0.057840 0.038560 
0 0.521233 0.403497 0.057840 0.038560 
0 0.521781 0.340729 0.057840 0.038560 
0 0.522511 0.277965 0.057840 0.038560 
0 0.523062 0.214922 0.057840 0.038560 
0 0.523617 0.151604 0.057840 0.038560 
0 0.556562 0.838423 0.057566 0.038377 
0 0.557468 0.776483 0.057566 0.038377 
0 0.558373 0.714543 0.057566 0.038377 
0 0.559275 0.652881 0.057566 0.038560 
0 0.559995 0.590938 0.057840 0.038560 
0 0.560898 0.529003 0.057840 0.038560 
0 0.561621 0.466788 0.057840 0.038560 
0 0.562530 0.404303 0.057840 0.038560 
0 0.563261 0.341540 0.057840 0.038560 
0 0.563991 0.278776 0.057840 0.038560 
0 0.564543 0.215733 0.057840 0.038560 
0 0.565094 0.152690 0.057840 0.038560 
0 0.597678 0.839229 0.057566 0.038377 
0 0.598583 0.777289 0.057566 0.038377 
0 0.599486 0.715623 0.057566 0.038377 
0 0.600391 0.653683 0.057566 0.038377 
0 0.601290 0.592017 0.057840 0.038377 
0 0.602196 0.529808 0.057840 0.038560 
0 0.602919 0.467593 0.057840 0.038560 
0 0.603828 0.405109 0.057840 0.038560 
0 0.604738 0.342625 0.057840 0.038560 
0 0.605469 0.279861 0.057840 0.038560 
0 0.606020 0.216818 0.057840 0.038560 
0 0.606571 0.153775 0.057840 0.038560 
0 0.638971 0.840586 0.057566 0.038377 
0 0.639696 0.778369 0.057566 0.038377 
0 0.640599 0.716703 0.057566 0.038377 
0 0.641686 0.654766 0.057840 0.038377 
0 0.642588 0.592826 0.057840 0.038377 
0 0.643493 0.530615 0.057840 0.038377 
0 0.644217 0.468399 0.057840 0.038560 
0 0.645309 0.405920 0.057840 0.038560 
0 0.646219 0.343436 0.057840 0.038560 
0 0.646949 0.280672 0.057840 0.038560 
0 0.647683 0.217635 0.057840 0.038560 
0 0.648417 0.154597 0.057840 0.038560 
0 0.680267 0.841671 0.057566 0.038377 
0 0.681173 0.779731 0.057566 0.038377 
0 0.682077 0.717790 0.057566 0.038377 
0 0.682980 0.655850 0.057840 0.038377 
0 0.683883 0.593910 0.057840 0.038377 
0 0.684788 0.531697 0.057840 0.038377 
0 0.685694 0.469483 0.057840 0.038377 
0 0.686786 0.407005 0.057840 0.038560 
0 0.687699 0.344247 0.057840 0.038560 
0 0.688612 0.281488 0.057840 0.038560 
0 0.689525 0.218730 0.057840 0.038560 
0 0.690442 0.155697 0.057840 0.038560 
0 0.721740 0.843307 0.057566 0.038377 
0 0.722465 0.781088 0.057566 0.038377 
0 0.723368 0.719148 0.057840 0.038377 
0 0.724270 0.657208 0.057840 0.038377 
0 0.725177 0.594993 0.057840 0.038377 
0 0.726079 0.533055 0.057840 0.038377 
0 0.727171 0.470570 0.057840 0.038377 
0 0.728263 0.408090 0.057840 0.038560 
0 0.729359 0.345337 0.057840 0.038560 
0 0.730454 0.282583 0.057840 0.038560 
0 0.731554 0.219557 0.057840 0.038560 
0 0.732470 0.156524 0.057840 0.038560 
0 0.763215 0.844667 0.057566 0.038377 
0 0.764121 0.782454 0.057840 0.038377 
0 0.764845 0.720236 0.057840 0.038377 
0 0.765747 0.658296 0.057840 0.038377 
0 0.766650 0.596356 0.057840 0.038377 
0 0.767556 0.534143 0.057840 0.038377 
0 0.768648 0.471658 0.057840 0.038377 
0 0.769922 0.409180 0.057840 0.038377 
0 0.771017 0.346427 0.057840 0.038560 
0 0.772300 0.283404 0.057840 0.038560 
0 0.773400 0.220378 0.057840 0.038560 
0 0.774503 0.157076 0.057840 0.038560 
0 0.804872 0.846033 0.057840 0.038377 
0 0.805594 0.783816 0.057840 0.038377 
0 0.806501 0.721602 0.057840 0.038377 
0 0.807220 0.659658 0.057840 0.038377 
0 0.808126 0.597444 0.057840 0.038377 
0 0.809215 0.535235 0.057840 0.038377 
0 0.810304 0.473024 0.057840 0.038377 
0 0.811400 0.410266 0.057840 0.038377 
0 0.812864 0.347248 0.057840 0.038560 
0 0.814146 0.284226 0.057840 0.038560 
0 0.815428 0.221205 0.057840 0.038560 
0 0.816531 0.157903 0.057840 0.038560 
0 0.846528 0.847397 0.057840 0.038560 
0 0.847251 0.785181 0.057840 0.038377 
0 0.847974 0.722963 0.057840 0.038377 
0 0.848880 0.660749 0.057840 0.038377 
0 0.849786 0.598536 0.057840 0.038377 
0 0.850875 0.536326 0.057840 0.038377 
0 0.851963 0.474116 0.057840 0.038377 
0 0.853243 0.411362 0.057840 0.038377 
0 0.854523 0.348338 0.057840 0.038560 
0 0.855989 0.285322 0.057840 0.038560 
0 0.857457 0.222032 0.057840 0.038560 
0 0.858557 0.159004 0.057840 0.038560 