0 0.053637 0.135828 0.056469 0.037646 
0 0.054550 0.199150 0.056469 0.037646 
0 0.055647 0.262473 0.056469 0.037646 
0 0.056743 0.326069 0.056469 0.037646 
0 0.057840 0.389391 0.056469 0.037646 
0 0.058754 0.452440 0.056469 0.037646 
0 0.059302 0.515762 0.056469 0.037646 
0 0.059850 0.578810 0.056469 0.037646 
0 0.060216 0.641859 0.056469 0.037646 
0 0.060398 0.704907 0.056469 0.037646 
0 0.060581 0.767681 0.056469 0.037646 
0 0.060764 0.830455 0.056469 0.037646 
0 0.096034 0.135828 0.056469 0.037646 
0 0.096948 0.199150 0.056469 0.037646 
0 0.098045 0.262473 0.056469 0.037646 
0 0.099141 0.325795 0.056469 0.037646 
0 0.100238 0.389117 0.056469 0.037646 
0 0.100969 0.452166 0.056469 0.037646 
0 0.101517 0.515214 0.056469 0.037646 
0 0.102065 0.578262 0.056469 0.037646 
0 0.102431 0.641036 0.056469 0.037646 
0 0.102613 0.704084 0.056469 0.037646 
0 0.102796 0.766859 0.056469 0.037646 
0 0.102796 0.829359 0.056469 0.037646 
0 0.138615 0.135828 0.056469 0.037646 
0 0.139529 0.199150 0.056469 0.037646 
0 0.140442 0.262473 0.056469 0.037646 
0 0.141539 0.325795 0.056469 0.037646 
0 0.142452 0.388843 0.056469 0.037646 
0 0.143183 0.451891 0.056469 0.037646 
0 0.143732 0.514940 0.056469 0.037646 
0 0.144280 0.577714 0.056469 0.037646 
0 0.144463 0.640488 0.056469 0.037646 
0 0.144645 0.702988 0.056469 0.037646 
0 0.144828 0.765762 0.056469 0.037646 
0 0.144828 0.828262 0.056469 0.037646 
0 0.181012 0.135828 0.056469 0.037646 
0 0.181926 0.199150 0.056469 0.037646 
0 0.182840 0.262473 0.056469 0.037646 
0 0.183936 0.325521 0.056469 0.037646 
0 0.184667 0.388843 0.056469 0.037646 
0 0.185398 0.451617 0.056469 0.037646 
0 0.185947 0.514391 0.056469 0.037646 
0 0.186312 0.577166 0.056469 0.037646 
0 0.186495 0.639666 0.056469 0.037646 
0 0.186678 0.701891 0.056469 0.037646 
0 0.186678 0.764391 0.056469 0.037646 
0 0.186860 0.826891 0.056469 0.037646 
0 0.223593 0.135828 0.056469 0.037646 
0 0.224507 0.199150 0.056469 0.037646 
0 0.225238 0.262473 0.056469 0.037646 
0 0.226151 0.325521 0.056469 0.037646 
0 0.226882 0.388569 0.056469 0.037646 
0 0.227613 0.451617 0.056469 0.037646 
0 0.227979 0.514117 0.056469 0.037646 
0 0.228344 0.576343 0.056469 0.037646 
0 0.228527 0.638843 0.056469 0.037646 
0 0.228710 0.701069 0.056469 0.037646 
0 0.228710 0.763295 0.056469 0.037646 
0 0.228710 0.825521 0.056469 0.037646 
0 0.265990 0.136102 0.056469 0.037646 
0 0.266904 0.199150 0.056469 0.037646 
0 0.267635 0.262473 0.056469 0.037646 
0 0.268366 0.325521 0.056469 0.037646 
0 0.269097 0.388569 0.056469 0.037646 
0 0.269645 0.451343 0.056469 0.037646 
0 0.270194 0.513569 0.056469 0.037646 
0 0.270376 0.575795 0.056469 0.037646 
0 0.270559 0.638021 0.056469 0.037646 
0 0.270559 0.699973 0.056469 0.037646 
0 0.270559 0.761924 0.056469 0.037646 
0 0.270559 0.824150 0.056469 0.037646 
0 0.308571 0.136102 0.056469 0.037646 
0 0.309302 0.199150 0.056469 0.037646 
0 0.310033 0.262198 0.056469 0.037646 
0 0.310581 0.325247 0.056469 0.037646 
0 0.311312 0.388295 0.056469 0.037646 
0 0.311860 0.451069 0.056469 0.037646 
0 0.312043 0.513295 0.056469 0.037646 
0 0.312226 0.575247 0.056469 0.037646 
0 0.312409 0.636924 0.056469 0.037646 
0 0.312409 0.698876 0.056469 0.037646 
0 0.312409 0.760828 0.056469 0.037646 
0 0.312409 0.823054 0.056469 0.037646 
0 0.350786 0.136102 0.056469 0.037646 
0 0.351517 0.199150 0.056469 0.037646 
0 0.352065 0.262198 0.056469 0.037646 
0 0.352796 0.325247 0.056469 0.037646 
0 0.353344 0.388021 0.056469 0.037646 
0 0.353710 0.450521 0.056469 0.037646 
0 0.353893 0.512747 0.056469 0.037646 
0 0.354075 0.574424 0.056469 0.037646 
0 0.354075 0.636102 0.056469 0.037646 
0 0.354075 0.697780 0.056469 0.037646 
0 0.354075 0.759731 0.056469 0.037646 
0 0.354075 0.821683 0.056469 0.037646 
0 0.393001 0.135828 0.056469 0.037646 
0 0.393732 0.198876 0.056469 0.037646 
0 0.394097 0.261924 0.056469 0.037646 
0 0.394645 0.324698 0.056469 0.037646 
0 0.395194 0.387473 0.056469 0.037646 
0 0.395559 0.450247 0.056469 0.037646 
0 0.395742 0.512198 0.056469 0.037646 
0 0.395742 0.573876 0.056469 0.037646 
0 0.395742 0.635280 0.056469 0.037646 
0 0.395742 0.696957 0.056469 0.037646 
0 0.395742 0.758635 0.056469 0.037646 
0 0.395742 0.820587 0.056469 0.037646 
0 0.435216 0.135828 0.056469 0.037646 
0 0.435764 0.198602 0.056469 0.037646 
0 0.436129 0.261376 0.056469 0.037646 
0 0.436495 0.324150 0.056469 0.037646 
0 0.436860 0.386924 0.056469 0.037646 
0 0.437226 0.449424 0.056469 0.037646 
0 0.437226 0.511376 0.056469 0.037646 
0 0.437226 0.573054 0.056469 0.037646 
0 0.437226 0.634731 0.056469 0.037646 
0 0.437226 0.696135 0.056469 0.037646 
0 0.437226 0.757813 0.056469 0.037646 
0 0.437226 0.819764 0.056469 0.037646 
0 0.477065 0.135554 0.056469 0.037646 
0 0.477613 0.198328 0.056469 0.037646 
0 0.477796 0.260828 0.056469 0.037646 
0 0.478162 0.323602 0.056469 0.037646 
0 0.478527 0.386102 0.056469 0.037646 
0 0.478527 0.695587 0.056469 0.037646 
0 0.478527 0.819490 0.056469 0.037646 
0 0.478710 0.448328 0.056469 0.037646 
0 0.478710 0.510280 0.056469 0.037646 
0 0.478710 0.572231 0.056469 0.037646 
0 0.478710 0.633909 0.056469 0.037646 
0 0.478710 0.757538 0.056469 0.037646 
0 0.518914 0.135005 0.056469 0.037646 
0 0.519280 0.197780 0.056469 0.037646 
0 0.519645 0.260280 0.056469 0.037646 
0 0.519828 0.322780 0.056469 0.037646 
0 0.519828 0.385005 0.056469 0.037646 
0 0.519828 0.819764 0.056469 0.037646 
0 0.520011 0.446957 0.056469 0.037646 
0 0.520011 0.509183 0.056469 0.037646 
0 0.520011 0.571409 0.056469 0.037646 
0 0.520011 0.633361 0.056469 0.037646 
0 0.520011 0.695313 0.056469 0.037646 
0 0.520011 0.757264 0.056469 0.037646 
0 0.560764 0.134731 0.056469 0.037646 
0 0.561129 0.197231 0.056469 0.037646 
0 0.561129 0.445861 0.056469 0.037646 
0 0.561129 0.819764 0.056469 0.037646 
0 0.561312 0.259731 0.056469 0.037646 
0 0.561312 0.321683 0.056469 0.037646 
0 0.561312 0.383909 0.056469 0.037646 
0 0.561312 0.508087 0.056469 0.037646 
0 0.561312 0.570587 0.056469 0.037646 
0 0.561312 0.632813 0.056469 0.037646 
0 0.561312 0.695038 0.056469 0.037646 
0 0.561312 0.757264 0.056469 0.037646 
0 0.602613 0.134183 0.056469 0.037646 
0 0.602613 0.383087 0.056469 0.037646 
0 0.602613 0.444764 0.056469 0.037646 
0 0.602613 0.507538 0.056469 0.037646 
0 0.602613 0.757264 0.056469 0.037646 
0 0.602613 0.819764 0.056469 0.037646 
0 0.602796 0.196683 0.056469 0.037646 
0 0.602796 0.258909 0.056469 0.037646 
0 0.602796 0.321135 0.056469 0.037646 
0 0.602796 0.570038 0.056469 0.037646 
0 0.602796 0.632538 0.056469 0.037646 
0 0.602796 0.694764 0.056469 0.037646 
0 0.644097 0.444490 0.056469 0.037646 
0 0.644097 0.694764 0.056469 0.037646 
0 0.644097 0.757264 0.056469 0.037646 
0 0.644097 0.819764 0.056469 0.037646 
0 0.644280 0.133635 0.056469 0.037646 
0 0.644280 0.382538 0.056469 0.037646 
0 0.644280 0.506990 0.056469 0.037646 
0 0.644280 0.569490 0.056469 0.037646 
0 0.644280 0.631990 0.056469 0.037646 
0 0.644463 0.196135 0.056469 0.037646 
0 0.644463 0.320587 0.056469 0.037646 
0 0.644645 0.258361 0.056469 0.037646 
0 0.685581 0.756990 0.056469 0.037646 
0 0.685581 0.819490 0.056469 0.037646 
0 0.685764 0.631990 0.056469 0.037646 
0 0.685764 0.694490 0.056469 0.037646 
0 0.685947 0.444490 0.056469 0.037646 
0 0.685947 0.506716 0.056469 0.037646 
0 0.685947 0.569490 0.056469 0.037646 
0 0.686129 0.133087 0.056469 0.037646 
0 0.686129 0.382264 0.056469 0.037646 
0 0.686312 0.195587 0.056469 0.037646 
0 0.686312 0.258087 0.056469 0.037646 
0 0.686312 0.320313 0.056469 0.037646 
0 0.727248 0.756716 0.056469 0.037646 
0 0.727248 0.819216 0.056469 0.037646 
0 0.727431 0.631716 0.056469 0.037646 
0 0.727431 0.694216 0.056469 0.037646 
0 0.727613 0.506990 0.056469 0.037646 
0 0.727613 0.569216 0.056469 0.037646 
0 0.727796 0.444490 0.056469 0.037646 
0 0.727979 0.132538 0.056469 0.037646 
0 0.727979 0.320038 0.056469 0.037646 
0 0.727979 0.382264 0.056469 0.037646 
0 0.728162 0.195038 0.056469 0.037646 
0 0.728162 0.257538 0.056469 0.037646 
0 0.768914 0.818942 0.056469 0.037646 
0 0.769097 0.694216 0.056469 0.037646 
0 0.769097 0.756442 0.056469 0.037646 
0 0.769280 0.631716 0.056469 0.037646 
0 0.769463 0.506990 0.056469 0.037646 
0 0.769463 0.569216 0.056469 0.037646 
0 0.769645 0.444764 0.056469 0.037646 
0 0.769828 0.131990 0.056469 0.037646 
0 0.769828 0.319764 0.056469 0.037646 
0 0.769828 0.382264 0.056469 0.037646 
0 0.770011 0.194764 0.056469 0.037646 
0 0.770011 0.257264 0.056469 0.037646 
0 0.810764 0.756168 0.056469 0.037646 
0 0.810764 0.818668 0.056469 0.037646 
0 0.810947 0.693942 0.056469 0.037646 
0 0.811129 0.631716 0.056469 0.037646 
0 0.811312 0.569490 0.056469 0.037646 
0 0.811495 0.507264 0.056469 0.037646 
0 0.811678 0.131716 0.056469 0.037646 
0 0.811678 0.382264 0.056469 0.037646 
0 0.811678 0.444764 0.056469 0.037646 
0 0.811860 0.194216 0.056469 0.037646 
0 0.811860 0.256990 0.056469 0.037646 
0 0.811860 0.319764 0.056469 0.037646 
0 0.852431 0.818394 0.056469 0.037646 
0 0.852613 0.755894 0.056469 0.037646 
0 0.852796 0.693668 0.056469 0.037646 
0 0.852979 0.631442 0.056469 0.037646 
0 0.853162 0.569216 0.056469 0.037646 
0 0.853344 0.507264 0.056469 0.037646 
0 0.853527 0.131168 0.056469 0.037646 
0 0.853527 0.444764 0.056469 0.037646 
0 0.853710 0.193942 0.056469 0.037646 
0 0.853710 0.256716 0.056469 0.037646 
0 0.853710 0.319490 0.056469 0.037646 
0 0.853710 0.382264 0.056469 0.037646 