0 0.053637 0.864446 0.056469 0.037646 
0 0.054550 0.801124 0.056469 0.037646 
0 0.055647 0.737802 0.056469 0.037646 
0 0.056743 0.674205 0.056469 0.037646 
0 0.057840 0.610883 0.056469 0.037646 
0 0.058754 0.547834 0.056469 0.037646 
0 0.059302 0.484512 0.056469 0.037646 
0 0.059850 0.421464 0.056469 0.037646 
0 0.060216 0.358416 0.056469 0.037646 
0 0.060398 0.295367 0.056469 0.037646 
0 0.060581 0.232593 0.056469 0.037646 
0 0.060764 0.169819 0.056469 0.037646 
0 0.096034 0.864446 0.056469 0.037646 
0 0.096948 0.801124 0.056469 0.037646 
0 0.098045 0.737802 0.056469 0.037646 
0 0.099141 0.674479 0.056469 0.037646 
0 0.100238 0.611157 0.056469 0.037646 
0 0.100969 0.548109 0.056469 0.037646 
0 0.101517 0.485060 0.056469 0.037646 
0 0.102065 0.422012 0.056469 0.037646 
0 0.102431 0.359238 0.056469 0.037646 
0 0.102613 0.296190 0.056469 0.037646 
0 0.102796 0.170916 0.056469 0.037646 
0 0.102796 0.233416 0.056469 0.037646 
0 0.138615 0.864446 0.056469 0.037646 
0 0.139529 0.801124 0.056469 0.037646 
0 0.140442 0.737802 0.056469 0.037646 
0 0.141539 0.674479 0.056469 0.037646 
0 0.142452 0.611431 0.056469 0.037646 
0 0.143183 0.548383 0.056469 0.037646 
0 0.143732 0.485334 0.056469 0.037646 
0 0.144280 0.422560 0.056469 0.037646 
0 0.144463 0.359786 0.056469 0.037646 
0 0.144645 0.297286 0.056469 0.037646 
0 0.144828 0.172012 0.056469 0.037646 
0 0.144828 0.234512 0.056469 0.037646 
0 0.181012 0.864446 0.056469 0.037646 
0 0.181926 0.801124 0.056469 0.037646 
0 0.182840 0.737802 0.056469 0.037646 
0 0.183936 0.674753 0.056469 0.037646 
0 0.184667 0.611431 0.056469 0.037646 
0 0.185398 0.548657 0.056469 0.037646 
0 0.185947 0.485883 0.056469 0.037646 
0 0.186312 0.423109 0.056469 0.037646 
0 0.186495 0.360609 0.056469 0.037646 
0 0.186678 0.235883 0.056469 0.037646 
0 0.186678 0.298383 0.056469 0.037646 
0 0.186860 0.173383 0.056469 0.037646 
0 0.223593 0.864446 0.056469 0.037646 
0 0.224507 0.801124 0.056469 0.037646 
0 0.225238 0.737802 0.056469 0.037646 
0 0.226151 0.674753 0.056469 0.037646 
0 0.226882 0.611705 0.056469 0.037646 
0 0.227613 0.548657 0.056469 0.037646 
0 0.227979 0.486157 0.056469 0.037646 
0 0.228344 0.423931 0.056469 0.037646 
0 0.228527 0.361431 0.056469 0.037646 
0 0.228710 0.174753 0.056469 0.037646 
0 0.228710 0.236979 0.056469 0.037646 
0 0.228710 0.299205 0.056469 0.037646 
0 0.265990 0.864172 0.056469 0.037646 
0 0.266904 0.801124 0.056469 0.037646 
0 0.267635 0.737802 0.056469 0.037646 
0 0.268366 0.674753 0.056469 0.037646 
0 0.269097 0.611705 0.056469 0.037646 
0 0.269645 0.548931 0.056469 0.037646 
0 0.270194 0.486705 0.056469 0.037646 
0 0.270376 0.424479 0.056469 0.037646 
0 0.270559 0.176124 0.056469 0.037646 
0 0.270559 0.238350 0.056469 0.037646 
0 0.270559 0.300302 0.056469 0.037646 
0 0.270559 0.362253 0.056469 0.037646 
0 0.308571 0.864172 0.056469 0.037646 
0 0.309302 0.801124 0.056469 0.037646 
0 0.310033 0.738076 0.056469 0.037646 
0 0.310581 0.675027 0.056469 0.037646 
0 0.311312 0.611979 0.056469 0.037646 
0 0.311860 0.549205 0.056469 0.037646 
0 0.312043 0.486979 0.056469 0.037646 
0 0.312226 0.425027 0.056469 0.037646 
0 0.312409 0.177220 0.056469 0.037646 
0 0.312409 0.239446 0.056469 0.037646 
0 0.312409 0.301398 0.056469 0.037646 
0 0.312409 0.363350 0.056469 0.037646 
0 0.350786 0.864172 0.056469 0.037646 
0 0.351517 0.801124 0.056469 0.037646 
0 0.352065 0.738076 0.056469 0.037646 
0 0.352796 0.675027 0.056469 0.037646 
0 0.353344 0.612253 0.056469 0.037646 
0 0.353710 0.549753 0.056469 0.037646 
0 0.353893 0.487527 0.056469 0.037646 
0 0.354075 0.178591 0.056469 0.037646 
0 0.354075 0.240543 0.056469 0.037646 
0 0.354075 0.302495 0.056469 0.037646 
0 0.354075 0.364172 0.056469 0.037646 
0 0.354075 0.425850 0.056469 0.037646 
0 0.393001 0.864446 0.056469 0.037646 
0 0.393732 0.801398 0.056469 0.037646 
0 0.394097 0.738350 0.056469 0.037646 
0 0.394645 0.675576 0.056469 0.037646 
0 0.395194 0.612802 0.056469 0.037646 
0 0.395559 0.550027 0.056469 0.037646 
0 0.395742 0.179688 0.056469 0.037646 
0 0.395742 0.241639 0.056469 0.037646 
0 0.395742 0.303317 0.056469 0.037646 
0 0.395742 0.364995 0.056469 0.037646 
0 0.395742 0.426398 0.056469 0.037646 
0 0.395742 0.488076 0.056469 0.037646 
0 0.435216 0.864446 0.056469 0.037646 
0 0.435764 0.801672 0.056469 0.037646 
0 0.436129 0.738898 0.056469 0.037646 
0 0.436495 0.676124 0.056469 0.037646 
0 0.436860 0.613350 0.056469 0.037646 
0 0.437226 0.180510 0.056469 0.037646 
0 0.437226 0.242462 0.056469 0.037646 
0 0.437226 0.304139 0.056469 0.037646 
0 0.437226 0.365543 0.056469 0.037646 
0 0.437226 0.427220 0.056469 0.037646 
0 0.437226 0.488898 0.056469 0.037646 
0 0.437226 0.550850 0.056469 0.037646 
0 0.477065 0.864720 0.056469 0.037646 
0 0.477613 0.801946 0.056469 0.037646 
0 0.477796 0.739446 0.056469 0.037646 
0 0.478162 0.676672 0.056469 0.037646 
0 0.478527 0.180784 0.056469 0.037646 
0 0.478527 0.304688 0.056469 0.037646 
0 0.478527 0.614172 0.056469 0.037646 
0 0.478710 0.242736 0.056469 0.037646 
0 0.478710 0.366365 0.056469 0.037646 
0 0.478710 0.428043 0.056469 0.037646 
0 0.478710 0.489995 0.056469 0.037646 
0 0.478710 0.551946 0.056469 0.037646 
0 0.518914 0.865269 0.056469 0.037646 
0 0.519280 0.802495 0.056469 0.037646 
0 0.519645 0.739995 0.056469 0.037646 
0 0.519828 0.180510 0.056469 0.037646 
0 0.519828 0.615269 0.056469 0.037646 
0 0.519828 0.677495 0.056469 0.037646 
0 0.520011 0.243010 0.056469 0.037646 
0 0.520011 0.304962 0.056469 0.037646 
0 0.520011 0.366913 0.056469 0.037646 
0 0.520011 0.428865 0.056469 0.037646 
0 0.520011 0.491091 0.056469 0.037646 
0 0.520011 0.553317 0.056469 0.037646 
0 0.560764 0.865543 0.056469 0.037646 
0 0.561129 0.180510 0.056469 0.037646 
0 0.561129 0.554413 0.056469 0.037646 
0 0.561129 0.803043 0.056469 0.037646 
0 0.561312 0.243010 0.056469 0.037646 
0 0.561312 0.305236 0.056469 0.037646 
0 0.561312 0.367462 0.056469 0.037646 
0 0.561312 0.429688 0.056469 0.037646 
0 0.561312 0.492188 0.056469 0.037646 
0 0.561312 0.616365 0.056469 0.037646 
0 0.561312 0.678591 0.056469 0.037646 
0 0.561312 0.740543 0.056469 0.037646 
0 0.602613 0.180510 0.056469 0.037646 
0 0.602613 0.243010 0.056469 0.037646 
0 0.602613 0.492736 0.056469 0.037646 
0 0.602613 0.555510 0.056469 0.037646 
0 0.602613 0.617188 0.056469 0.037646 
0 0.602613 0.866091 0.056469 0.037646 
0 0.602796 0.305510 0.056469 0.037646 
0 0.602796 0.367736 0.056469 0.037646 
0 0.602796 0.430236 0.056469 0.037646 
0 0.602796 0.679139 0.056469 0.037646 
0 0.602796 0.741365 0.056469 0.037646 
0 0.602796 0.803591 0.056469 0.037646 
0 0.644097 0.180510 0.056469 0.037646 
0 0.644097 0.243010 0.056469 0.037646 
0 0.644097 0.305510 0.056469 0.037646 
0 0.644097 0.555784 0.056469 0.037646 
0 0.644280 0.368284 0.056469 0.037646 
0 0.644280 0.430784 0.056469 0.037646 
0 0.644280 0.493284 0.056469 0.037646 
0 0.644280 0.617736 0.056469 0.037646 
0 0.644280 0.866639 0.056469 0.037646 
0 0.644463 0.679688 0.056469 0.037646 
0 0.644463 0.804139 0.056469 0.037646 
0 0.644645 0.741913 0.056469 0.037646 
0 0.685581 0.180784 0.056469 0.037646 
0 0.685581 0.243284 0.056469 0.037646 
0 0.685764 0.305784 0.056469 0.037646 
0 0.685764 0.368284 0.056469 0.037646 
0 0.685947 0.430784 0.056469 0.037646 
0 0.685947 0.493558 0.056469 0.037646 
0 0.685947 0.555784 0.056469 0.037646 
0 0.686129 0.618010 0.056469 0.037646 
0 0.686129 0.867188 0.056469 0.037646 
0 0.686312 0.679962 0.056469 0.037646 
0 0.686312 0.742188 0.056469 0.037646 
0 0.686312 0.804688 0.056469 0.037646 
0 0.727248 0.181058 0.056469 0.037646 
0 0.727248 0.243558 0.056469 0.037646 
0 0.727431 0.306058 0.056469 0.037646 
0 0.727431 0.368558 0.056469 0.037646 
0 0.727613 0.431058 0.056469 0.037646 
0 0.727613 0.493284 0.056469 0.037646 
0 0.727796 0.555784 0.056469 0.037646 
0 0.727979 0.618010 0.056469 0.037646 
0 0.727979 0.680236 0.056469 0.037646 
0 0.727979 0.867736 0.056469 0.037646 
0 0.728162 0.742736 0.056469 0.037646 
0 0.728162 0.805236 0.056469 0.037646 
0 0.768914 0.181332 0.056469 0.037646 
0 0.769097 0.243832 0.056469 0.037646 
0 0.769097 0.306058 0.056469 0.037646 
0 0.769280 0.368558 0.056469 0.037646 
0 0.769463 0.431058 0.056469 0.037646 
0 0.769463 0.493284 0.056469 0.037646 
0 0.769645 0.555510 0.056469 0.037646 
0 0.769828 0.618010 0.056469 0.037646 
0 0.769828 0.680510 0.056469 0.037646 
0 0.769828 0.868284 0.056469 0.037646 
0 0.770011 0.743010 0.056469 0.037646 
0 0.770011 0.805510 0.056469 0.037646 
0 0.810764 0.181606 0.056469 0.037646 
0 0.810764 0.244106 0.056469 0.037646 
0 0.810947 0.306332 0.056469 0.037646 
0 0.811129 0.368558 0.056469 0.037646 
0 0.811312 0.430784 0.056469 0.037646 
0 0.811495 0.493010 0.056469 0.037646 
0 0.811678 0.555510 0.056469 0.037646 
0 0.811678 0.618010 0.056469 0.037646 
0 0.811678 0.868558 0.056469 0.037646 
0 0.811860 0.680510 0.056469 0.037646 
0 0.811860 0.743284 0.056469 0.037646 
0 0.811860 0.806058 0.056469 0.037646 
0 0.852431 0.181880 0.056469 0.037646 
0 0.852613 0.244380 0.056469 0.037646 
0 0.852796 0.306606 0.056469 0.037646 
0 0.852979 0.368832 0.056469 0.037646 
0 0.853162 0.431058 0.056469 0.037646 
0 0.853344 0.493010 0.056469 0.037646 
0 0.853527 0.555510 0.056469 0.037646 
0 0.853527 0.869106 0.056469 0.037646 
0 0.853710 0.618010 0.056469 0.037646 
0 0.853710 0.680784 0.056469 0.037646 
0 0.853710 0.743558 0.056469 0.037646 
0 0.853710 0.806332 0.056469 0.037646 