0 0.049470 0.147566 0.057566 0.038377 
0 0.051121 0.210851 0.057566 0.038194 
0 0.052954 0.274141 0.057566 0.038194 
0 0.054792 0.337705 0.057292 0.038194 
0 0.056624 0.400994 0.057292 0.038194 
0 0.058271 0.464005 0.057292 0.038377 
0 0.059555 0.527301 0.057292 0.038377 
0 0.060836 0.590322 0.057292 0.038377 
0 0.061935 0.653349 0.057292 0.038377 
0 0.062851 0.716382 0.057292 0.038377 
0 0.063765 0.779140 0.057292 0.038377 
0 0.064677 0.841899 0.057292 0.038377 
0 0.091861 0.146454 0.057566 0.038377 
0 0.093511 0.209743 0.057566 0.038194 
0 0.095345 0.273033 0.057566 0.038194 
0 0.097179 0.336323 0.057566 0.038194 
0 0.099012 0.399610 0.057566 0.038377 
0 0.100477 0.462626 0.057292 0.038377 
0 0.101759 0.525647 0.057292 0.038377 
0 0.103040 0.588669 0.057292 0.038377 
0 0.104136 0.651422 0.057292 0.038377 
0 0.105053 0.714454 0.057292 0.038377 
0 0.105966 0.777212 0.057292 0.038377 
0 0.106693 0.839701 0.057292 0.038377 
0 0.134434 0.145337 0.057566 0.038194 
0 0.136084 0.208631 0.057566 0.038194 
0 0.137735 0.271925 0.057566 0.038194 
0 0.139570 0.335216 0.057566 0.038194 
0 0.141215 0.398230 0.057566 0.038377 
0 0.142681 0.461247 0.057566 0.038377 
0 0.143963 0.524268 0.057566 0.038377 
0 0.145242 0.587016 0.057566 0.038377 
0 0.146154 0.649773 0.057566 0.038377 
0 0.147064 0.712258 0.057566 0.038377 
0 0.147977 0.775016 0.057566 0.038377 
0 0.148704 0.837505 0.057566 0.038377 
0 0.176823 0.144228 0.057566 0.038194 
0 0.178474 0.207523 0.057566 0.038194 
0 0.180126 0.270817 0.057566 0.038194 
0 0.181956 0.333832 0.057566 0.038194 
0 0.183424 0.397124 0.057566 0.038377 
0 0.184885 0.459867 0.057566 0.038377 
0 0.186164 0.522614 0.057566 0.038377 
0 0.187260 0.585367 0.057566 0.038377 
0 0.188169 0.647850 0.057566 0.038377 
0 0.189075 0.710060 0.057566 0.038377 
0 0.189802 0.772550 0.057566 0.038377 
0 0.190711 0.835034 0.057566 0.038377 
0 0.219397 0.143117 0.057566 0.038194 
0 0.221048 0.206410 0.057566 0.038194 
0 0.222516 0.269709 0.057566 0.038194 
0 0.224163 0.332727 0.057566 0.038377 
0 0.225628 0.395743 0.057566 0.038377 
0 0.227093 0.458760 0.057566 0.038377 
0 0.228185 0.521238 0.057566 0.038377 
0 0.229274 0.583443 0.057566 0.038377 
0 0.230183 0.645926 0.057566 0.038377 
0 0.231090 0.708137 0.057566 0.038377 
0 0.231813 0.770352 0.057566 0.038377 
0 0.232536 0.832568 0.057566 0.038377 
0 0.261791 0.142283 0.057566 0.038194 
0 0.263439 0.205303 0.057566 0.038194 
0 0.264907 0.268602 0.057566 0.038194 
0 0.266371 0.331621 0.057566 0.038377 
0 0.267836 0.394637 0.057566 0.038377 
0 0.269115 0.457385 0.057566 0.038377 
0 0.270386 0.519584 0.057566 0.038377 
0 0.271292 0.581794 0.057566 0.038377 
0 0.272198 0.644003 0.057566 0.038377 
0 0.272918 0.705945 0.057566 0.038377 
0 0.273637 0.767885 0.057566 0.038377 
0 0.274360 0.830101 0.057566 0.038377 
0 0.304364 0.141171 0.057566 0.038194 
0 0.305829 0.204195 0.057566 0.038194 
0 0.307293 0.267218 0.057566 0.038194 
0 0.308575 0.330240 0.057566 0.038377 
0 0.310040 0.393256 0.057566 0.038377 
0 0.311319 0.456004 0.057566 0.038377 
0 0.312225 0.518214 0.057566 0.038377 
0 0.313128 0.580150 0.057566 0.038377 
0 0.314026 0.641811 0.057566 0.038377 
0 0.314746 0.703753 0.057566 0.038377 
0 0.315466 0.765694 0.057566 0.038377 
0 0.316189 0.827910 0.057292 0.038377 
0 0.346573 0.140069 0.057566 0.038194 
0 0.348037 0.203092 0.057566 0.038194 
0 0.349318 0.266118 0.057566 0.038377 
0 0.350783 0.329134 0.057566 0.038377 
0 0.352062 0.391882 0.057566 0.038377 
0 0.353154 0.454361 0.057566 0.038377 
0 0.354061 0.516571 0.057566 0.038377 
0 0.354959 0.578232 0.057566 0.038377 
0 0.355675 0.639898 0.057566 0.038377 
0 0.356392 0.701566 0.057292 0.038377 
0 0.357114 0.763508 0.057292 0.038377 
0 0.357836 0.825449 0.057292 0.038377 
0 0.388777 0.138690 0.057566 0.038194 
0 0.390241 0.201713 0.057566 0.038194 
0 0.391340 0.264743 0.057566 0.038377 
0 0.392618 0.327490 0.057566 0.038377 
0 0.393897 0.390238 0.057566 0.038377 
0 0.394993 0.452991 0.057566 0.038377 
0 0.395895 0.514927 0.057566 0.038377 
0 0.396612 0.576594 0.057566 0.038377 
0 0.397325 0.637987 0.057292 0.038377 
0 0.398045 0.699655 0.057292 0.038377 
0 0.398764 0.761321 0.057292 0.038377 
0 0.399487 0.823263 0.057292 0.038377 
0 0.430984 0.137587 0.057566 0.038194 
0 0.432262 0.200339 0.057566 0.038194 
0 0.433357 0.263094 0.057566 0.038377 
0 0.434453 0.325846 0.057566 0.038377 
0 0.435549 0.388599 0.057566 0.038377 
0 0.436641 0.451078 0.057566 0.038377 
0 0.437361 0.513020 0.057566 0.038377 
0 0.438078 0.574688 0.057292 0.038377 
0 0.438797 0.636355 0.057292 0.038377 
0 0.439515 0.697747 0.057292 0.038377 
0 0.440236 0.759414 0.057292 0.038377 
0 0.440958 0.821355 0.057292 0.038377 
0 0.472823 0.136217 0.057566 0.038194 
0 0.474101 0.198970 0.057566 0.038194 
0 0.475010 0.261456 0.057566 0.038377 
0 0.476106 0.324209 0.057566 0.038377 
0 0.477198 0.386688 0.057566 0.038377 
0 0.478104 0.448898 0.057292 0.038377 
0 0.478826 0.510839 0.057292 0.038377 
0 0.479549 0.572781 0.057292 0.038377 
0 0.480268 0.634448 0.057292 0.038377 
0 0.480805 0.696119 0.057292 0.038377 
0 0.481711 0.758055 0.057292 0.038377 
0 0.482250 0.820002 0.057292 0.038377 
0 0.514658 0.134572 0.057566 0.038194 
0 0.515754 0.197329 0.057566 0.038194 
0 0.516846 0.259812 0.057292 0.038377 
0 0.517756 0.322297 0.057292 0.038377 
0 0.518481 0.384512 0.057292 0.038377 
0 0.519386 0.446448 0.057292 0.038377 
0 0.520111 0.508664 0.057292 0.038377 
0 0.520836 0.570879 0.057292 0.038377 
0 0.521559 0.632820 0.057292 0.038377 
0 0.522281 0.694761 0.057292 0.038377 
0 0.523004 0.756702 0.057292 0.038377 
0 0.523549 0.819197 0.057292 0.038377 
0 0.556498 0.133204 0.057292 0.038194 
0 0.557591 0.195687 0.057292 0.038194 
0 0.558501 0.258175 0.057292 0.038194 
0 0.559224 0.320116 0.057292 0.038377 
0 0.559949 0.382331 0.057292 0.038377 
0 0.560489 0.444277 0.057292 0.038377 
0 0.561396 0.506488 0.057292 0.038377 
0 0.562125 0.568977 0.057292 0.038377 
0 0.562850 0.631192 0.057292 0.038377 
0 0.563575 0.693406 0.057292 0.038377 
0 0.564300 0.755622 0.057292 0.038377 
0 0.564845 0.818117 0.057292 0.038377 
0 0.598336 0.131560 0.057292 0.038194 
0 0.599247 0.194047 0.057292 0.038194 
0 0.599973 0.256265 0.057292 0.038194 
0 0.600697 0.318482 0.057292 0.038194 
0 0.601237 0.380429 0.057292 0.038377 
0 0.601957 0.442096 0.057292 0.038377 
0 0.602687 0.504860 0.057292 0.038377 
0 0.603598 0.567343 0.057292 0.038377 
0 0.604326 0.629833 0.057292 0.038377 
0 0.605051 0.692048 0.057292 0.038377 
0 0.605595 0.754544 0.057292 0.038377 
0 0.606322 0.817033 0.057566 0.038377 
0 0.639993 0.129920 0.057292 0.038194 
0 0.640903 0.192408 0.057292 0.038194 
0 0.641812 0.254622 0.057292 0.038194 
0 0.642354 0.316843 0.057292 0.038194 
0 0.642893 0.378790 0.057292 0.038194 
0 0.643432 0.440737 0.057292 0.038377 
0 0.644343 0.503221 0.057292 0.038377 
0 0.645070 0.565711 0.057292 0.038377 
0 0.645798 0.628201 0.057292 0.038377 
0 0.646345 0.690969 0.057566 0.038377 
0 0.647072 0.753458 0.057566 0.038377 
0 0.647799 0.815948 0.057566 0.038377 
0 0.681831 0.128275 0.057292 0.038194 
0 0.682742 0.190763 0.057292 0.038194 
0 0.683470 0.253255 0.057292 0.038194 
0 0.684195 0.315473 0.057292 0.038194 
0 0.684734 0.377420 0.057292 0.038194 
0 0.685276 0.439642 0.057292 0.038194 
0 0.686000 0.501858 0.057566 0.038377 
0 0.686731 0.564621 0.057566 0.038377 
0 0.687275 0.627116 0.057566 0.038377 
0 0.688001 0.689605 0.057566 0.038377 
0 0.688545 0.752100 0.057566 0.038377 
0 0.689273 0.814589 0.057566 0.038377 
0 0.723670 0.126631 0.057292 0.038194 
0 0.724580 0.189119 0.057292 0.038194 
0 0.725308 0.251611 0.057292 0.038194 
0 0.725854 0.314107 0.057292 0.038194 
0 0.726578 0.376324 0.057292 0.038194 
0 0.727119 0.438546 0.057566 0.038194 
0 0.727663 0.501042 0.057566 0.038194 
0 0.728386 0.563257 0.057566 0.038377 
0 0.728930 0.625753 0.057566 0.038377 
0 0.729657 0.688241 0.057566 0.038377 
0 0.730201 0.750736 0.057566 0.038377 
0 0.730928 0.813225 0.057566 0.038377 
0 0.765508 0.124987 0.057292 0.038194 
0 0.766422 0.187749 0.057292 0.038194 
0 0.767150 0.250241 0.057292 0.038194 
0 0.767695 0.312738 0.057292 0.038194 
0 0.768421 0.375230 0.057566 0.038194 
0 0.768965 0.437725 0.057566 0.038194 
0 0.769505 0.499947 0.057566 0.038194 
0 0.770229 0.562162 0.057566 0.038377 
0 0.770773 0.624656 0.057566 0.038377 
0 0.771317 0.687150 0.057566 0.038377 
0 0.772040 0.749366 0.057566 0.038377 
0 0.772584 0.811861 0.057566 0.038377 
0 0.807350 0.123618 0.057292 0.038194 
0 0.808259 0.186106 0.057566 0.038194 
0 0.808989 0.248872 0.057566 0.038194 
0 0.809720 0.311638 0.057566 0.038194 
0 0.810264 0.374134 0.057566 0.038194 
0 0.810990 0.436624 0.057566 0.038194 
0 0.811534 0.499119 0.057566 0.038377 
0 0.812074 0.561340 0.057566 0.038377 
0 0.812615 0.623561 0.057566 0.038377 
0 0.813155 0.685781 0.057566 0.038377 
0 0.813696 0.748002 0.057566 0.038377 
0 0.814423 0.810491 0.057566 0.038377 
0 0.849185 0.121974 0.057566 0.038194 
0 0.850098 0.184736 0.057566 0.038194 
0 0.850828 0.247502 0.057566 0.038194 
0 0.851559 0.310268 0.057566 0.038194 
0 0.852288 0.373034 0.057566 0.038194 
0 0.852832 0.435529 0.057566 0.038194 
0 0.853376 0.498024 0.057566 0.038377 
0 0.853913 0.559971 0.057566 0.038377 
0 0.854454 0.622191 0.057566 0.038377 
0 0.854994 0.684411 0.057566 0.038377 
0 0.855535 0.746632 0.057566 0.038377 
0 0.856079 0.809127 0.057566 0.038377 