0 0.056993 0.818900 0.057292 0.038377 
0 0.057540 0.756131 0.057292 0.038377 
0 0.057942 0.124192 0.057292 0.038194 
0 0.058119 0.187527 0.057292 0.038194 
0 0.058088 0.693362 0.057292 0.038377 
0 0.058480 0.250865 0.057292 0.038194 
0 0.058638 0.630320 0.057292 0.038377 
0 0.058838 0.314482 0.057292 0.038377 
0 0.059006 0.567272 0.057292 0.038377 
0 0.059198 0.377825 0.057292 0.038377 
0 0.059191 0.504218 0.057292 0.038377 
0 0.059379 0.440890 0.057292 0.038377 
0 0.099030 0.818904 0.057292 0.038377 
0 0.099758 0.756415 0.057292 0.038377 
0 0.100334 0.125300 0.057292 0.038194 
0 0.100306 0.693646 0.057292 0.038377 
0 0.100511 0.188634 0.057292 0.038194 
0 0.100872 0.251976 0.057292 0.038377 
0 0.100856 0.630603 0.057292 0.038377 
0 0.101232 0.315320 0.057292 0.038377 
0 0.101221 0.567830 0.057292 0.038377 
0 0.101406 0.504776 0.057292 0.038377 
0 0.101593 0.378663 0.057292 0.038377 
0 0.101591 0.441722 0.057292 0.038377 
0 0.141067 0.818908 0.057292 0.038377 
0 0.141795 0.756419 0.057292 0.038377 
0 0.142343 0.693650 0.057292 0.038377 
0 0.142909 0.126413 0.057292 0.038194 
0 0.142888 0.631155 0.057292 0.038377 
0 0.143086 0.189749 0.057292 0.038377 
0 0.143264 0.253087 0.057292 0.038377 
0 0.143436 0.568387 0.057292 0.038377 
0 0.143625 0.316431 0.057292 0.038377 
0 0.143618 0.505607 0.057292 0.038377 
0 0.143805 0.379494 0.057292 0.038377 
0 0.143803 0.442554 0.057292 0.038377 
0 0.183107 0.818639 0.057292 0.038377 
0 0.183653 0.756144 0.057292 0.038377 
0 0.184380 0.693655 0.057292 0.038377 
0 0.184923 0.631434 0.057292 0.038377 
0 0.185301 0.127522 0.057292 0.038377 
0 0.185478 0.190860 0.057292 0.038377 
0 0.185468 0.568940 0.057292 0.038377 
0 0.185656 0.254199 0.057292 0.038377 
0 0.185833 0.506165 0.057292 0.038377 
0 0.186019 0.317268 0.057292 0.038377 
0 0.186014 0.380601 0.057292 0.038377 
0 0.186015 0.443386 0.057292 0.038377 
0 0.224965 0.818364 0.057292 0.038377 
0 0.225690 0.756148 0.057292 0.038377 
0 0.226415 0.693933 0.057292 0.038377 
0 0.226958 0.631712 0.057292 0.038377 
0 0.227503 0.569219 0.057292 0.038377 
0 0.227876 0.128639 0.057292 0.038377 
0 0.227863 0.506992 0.057292 0.038377 
0 0.228054 0.191978 0.057292 0.038377 
0 0.228049 0.255311 0.057292 0.038377 
0 0.228229 0.318375 0.057292 0.038377 
0 0.228227 0.381433 0.057292 0.038377 
0 0.228225 0.444492 0.057292 0.038377 
0 0.266822 0.818089 0.057292 0.038377 
0 0.267548 0.755874 0.057292 0.038377 
0 0.268270 0.693932 0.057292 0.038377 
0 0.268993 0.631992 0.057292 0.038377 
0 0.269535 0.569772 0.057292 0.038377 
0 0.270078 0.507551 0.057292 0.038377 
0 0.270266 0.130025 0.057292 0.038377 
0 0.270254 0.445319 0.057292 0.038377 
0 0.270446 0.193090 0.057292 0.038377 
0 0.270441 0.256422 0.057292 0.038377 
0 0.270439 0.319481 0.057292 0.038377 
0 0.270436 0.382539 0.057292 0.038377 
0 0.308677 0.818088 0.057292 0.038377 
0 0.309402 0.755872 0.057292 0.038377 
0 0.310125 0.693932 0.057292 0.038377 
0 0.310848 0.631991 0.057292 0.038377 
0 0.311385 0.570319 0.057292 0.038377 
0 0.311925 0.508372 0.057292 0.038377 
0 0.312466 0.446150 0.057292 0.038377 
0 0.312651 0.320312 0.057292 0.038377 
0 0.312648 0.383370 0.057292 0.038377 
0 0.312841 0.131142 0.057292 0.038377 
0 0.312839 0.194201 0.057292 0.038377 
0 0.312836 0.257259 0.057292 0.038377 
0 0.350352 0.817807 0.057292 0.038377 
0 0.351074 0.755866 0.057292 0.038377 
0 0.351796 0.693925 0.057292 0.038377 
0 0.352516 0.632258 0.057292 0.038377 
0 0.353236 0.570591 0.057292 0.038377 
0 0.353773 0.508919 0.057292 0.038377 
0 0.354315 0.446697 0.057292 0.038377 
0 0.354677 0.384197 0.057566 0.038377 
0 0.354859 0.321417 0.057566 0.038377 
0 0.354862 0.258358 0.057292 0.038377 
0 0.355049 0.132247 0.057292 0.038377 
0 0.355047 0.195306 0.057292 0.038377 
0 0.392024 0.817801 0.057292 0.038377 
0 0.392746 0.755860 0.057292 0.038377 
0 0.393466 0.694192 0.057292 0.038377 
0 0.394186 0.632526 0.057292 0.038377 
0 0.394903 0.571134 0.057292 0.038377 
0 0.395623 0.509466 0.057292 0.038377 
0 0.396161 0.447518 0.057566 0.038377 
0 0.396526 0.384744 0.057566 0.038377 
0 0.396708 0.321964 0.057566 0.038377 
0 0.396890 0.259185 0.057566 0.038377 
0 0.397258 0.196137 0.057566 0.038377 
0 0.397261 0.133078 0.057292 0.038377 
0 0.433511 0.818064 0.057292 0.038377 
0 0.434233 0.756122 0.057292 0.038377 
0 0.434953 0.694455 0.057292 0.038377 
0 0.435670 0.633063 0.057292 0.038377 
0 0.436390 0.571397 0.057292 0.038377 
0 0.437110 0.509729 0.057292 0.038377 
0 0.437831 0.447787 0.057292 0.038377 
0 0.438192 0.385286 0.057566 0.038377 
0 0.438558 0.322512 0.057566 0.038377 
0 0.438922 0.259737 0.057566 0.038377 
0 0.439287 0.196964 0.057566 0.038377 
0 0.439469 0.134185 0.057566 0.038377 
0 0.474809 0.818869 0.057292 0.038377 
0 0.475714 0.756933 0.057292 0.038377 
0 0.476254 0.694987 0.057292 0.038377 
0 0.477157 0.633325 0.057292 0.038377 
0 0.477877 0.571659 0.057292 0.038377 
0 0.478599 0.509717 0.057292 0.038377 
0 0.479322 0.447776 0.057292 0.038377 
0 0.479863 0.385554 0.057292 0.038377 
0 0.480225 0.323054 0.057566 0.038377 
0 0.480589 0.260280 0.057566 0.038377 
0 0.481133 0.197786 0.057566 0.038377 
0 0.481315 0.135006 0.057566 0.038377 
0 0.516102 0.820223 0.057292 0.038194 
0 0.517013 0.757738 0.057292 0.038377 
0 0.517735 0.695798 0.057292 0.038377 
0 0.518458 0.633856 0.057292 0.038377 
0 0.519180 0.571916 0.057292 0.038377 
0 0.519905 0.509701 0.057292 0.038377 
0 0.520631 0.447485 0.057292 0.038377 
0 0.521170 0.385539 0.057292 0.038377 
0 0.521894 0.323323 0.057292 0.038377 
0 0.522439 0.260827 0.057566 0.038377 
0 0.522800 0.198328 0.057566 0.038377 
0 0.523164 0.135554 0.057566 0.038377 
0 0.557398 0.821306 0.057292 0.038194 
0 0.558308 0.758818 0.057292 0.038194 
0 0.559033 0.696603 0.057292 0.038377 
0 0.559759 0.634388 0.057292 0.038377 
0 0.560484 0.572173 0.057292 0.038377 
0 0.561212 0.509683 0.057292 0.038377 
0 0.561755 0.447463 0.057292 0.038377 
0 0.562660 0.385527 0.057292 0.038377 
0 0.563385 0.323312 0.057292 0.038377 
0 0.564106 0.261369 0.057566 0.038377 
0 0.564649 0.198875 0.057566 0.038377 
0 0.565011 0.136375 0.057566 0.038377 
0 0.598877 0.822395 0.057292 0.038194 
0 0.599605 0.759902 0.057292 0.038194 
0 0.600515 0.697414 0.057292 0.038194 
0 0.601240 0.635199 0.057292 0.038377 
0 0.601968 0.572709 0.057292 0.038377 
0 0.602513 0.510215 0.057292 0.038377 
0 0.603243 0.447451 0.057292 0.038377 
0 0.603963 0.385784 0.057292 0.038377 
0 0.604868 0.323848 0.057292 0.038377 
0 0.605592 0.261631 0.057292 0.038377 
0 0.606315 0.199417 0.057566 0.038377 
0 0.606859 0.136922 0.057566 0.038377 
0 0.640355 0.823482 0.057292 0.038194 
0 0.641083 0.760990 0.057292 0.038194 
0 0.641811 0.698498 0.057292 0.038194 
0 0.642724 0.635736 0.057292 0.038194 
0 0.643452 0.573246 0.057292 0.038377 
0 0.644180 0.510757 0.057292 0.038377 
0 0.644725 0.448262 0.057292 0.038377 
0 0.645630 0.386326 0.057292 0.038377 
0 0.646535 0.324390 0.057292 0.038377 
0 0.647442 0.262178 0.057292 0.038377 
0 0.647982 0.199959 0.057566 0.038377 
0 0.648526 0.137464 0.057566 0.038377 
0 0.681837 0.824295 0.057292 0.038194 
0 0.682565 0.761804 0.057292 0.038194 
0 0.683475 0.699316 0.057292 0.038194 
0 0.684203 0.636824 0.057292 0.038194 
0 0.685113 0.574336 0.057292 0.038194 
0 0.685844 0.511573 0.057292 0.038377 
0 0.686569 0.449358 0.057292 0.038377 
0 0.687477 0.387147 0.057292 0.038377 
0 0.688381 0.325212 0.057292 0.038377 
0 0.689105 0.262995 0.057566 0.038377 
0 0.689832 0.200507 0.057566 0.038377 
0 0.690376 0.138012 0.057566 0.038377 
0 0.723501 0.825113 0.057292 0.038194 
0 0.724229 0.762621 0.057292 0.038194 
0 0.725139 0.700134 0.057292 0.038194 
0 0.725867 0.637642 0.057292 0.038194 
0 0.726778 0.575153 0.057292 0.038194 
0 0.727503 0.512937 0.057292 0.038377 
0 0.728413 0.450453 0.057292 0.038377 
0 0.729321 0.388243 0.057292 0.038377 
0 0.730045 0.326027 0.057292 0.038377 
0 0.730955 0.263542 0.057566 0.038377 
0 0.731681 0.201054 0.057566 0.038377 
0 0.732225 0.138559 0.057566 0.038377 
0 0.765165 0.825930 0.057292 0.038194 
0 0.766076 0.763442 0.057292 0.038194 
0 0.766801 0.701225 0.057292 0.038194 
0 0.767712 0.638737 0.057292 0.038194 
0 0.768622 0.576248 0.057292 0.038194 
0 0.769347 0.514033 0.057292 0.038377 
0 0.770254 0.451822 0.057292 0.038377 
0 0.771164 0.389337 0.057292 0.038377 
0 0.771891 0.326848 0.057566 0.038377 
0 0.772801 0.264364 0.057566 0.038377 
0 0.773527 0.201875 0.057566 0.038377 
0 0.774075 0.139106 0.057566 0.038377 
0 0.807011 0.826752 0.057292 0.038194 
0 0.807740 0.764260 0.057292 0.038194 
0 0.808648 0.702047 0.057292 0.038194 
0 0.809556 0.639833 0.057292 0.038194 
0 0.810464 0.577619 0.057292 0.038194 
0 0.811370 0.515406 0.057292 0.038194 
0 0.812280 0.452923 0.057566 0.038377 
0 0.813007 0.390433 0.057566 0.038377 
0 0.813916 0.327949 0.057566 0.038377 
0 0.814647 0.265185 0.057566 0.038377 
0 0.815377 0.202423 0.057566 0.038377 
0 0.815921 0.139928 0.057566 0.038377 
0 0.848675 0.827570 0.057292 0.038194 
0 0.849586 0.765082 0.057292 0.038194 
0 0.850494 0.702869 0.057292 0.038194 
0 0.851402 0.640655 0.057292 0.038194 
0 0.852310 0.578441 0.057292 0.038194 
0 0.853212 0.516502 0.057566 0.038194 
0 0.854121 0.454018 0.057566 0.038377 
0 0.855031 0.391534 0.057566 0.038377 
0 0.855762 0.328770 0.057566 0.038377 
0 0.856492 0.266006 0.057566 0.038377 
0 0.857222 0.203244 0.057566 0.038377 
0 0.857769 0.140475 0.057566 0.038377 