0 0.063779 0.849232 0.056195 0.037463 
0 0.064510 0.786458 0.056195 0.037463 
0 0.065424 0.723684 0.056195 0.037463 
0 0.066338 0.660636 0.056195 0.037463 
0 0.067251 0.598136 0.056195 0.037463 
0 0.067982 0.162007 0.056195 0.037463 
0 0.067982 0.535362 0.056195 0.037463 
0 0.068165 0.223958 0.056195 0.037463 
0 0.068165 0.286184 0.056195 0.037463 
0 0.068165 0.473136 0.056195 0.037463 
0 0.068348 0.348410 0.056195 0.037463 
0 0.068348 0.410636 0.056195 0.037463 
0 0.105811 0.848958 0.056195 0.037463 
0 0.106360 0.786184 0.056195 0.037463 
0 0.107273 0.723410 0.056195 0.037463 
0 0.108187 0.660636 0.056195 0.037463 
0 0.108918 0.597862 0.056195 0.037463 
0 0.109466 0.162555 0.056195 0.037463 
0 0.109466 0.535362 0.056195 0.037463 
0 0.109649 0.224507 0.056195 0.037463 
0 0.109832 0.286732 0.056195 0.037463 
0 0.109832 0.473136 0.056195 0.037463 
0 0.110015 0.348684 0.056195 0.037463 
0 0.110015 0.410910 0.056195 0.037463 
0 0.147844 0.848410 0.056195 0.037463 
0 0.148392 0.785910 0.056195 0.037463 
0 0.149123 0.723136 0.056195 0.037463 
0 0.149854 0.660362 0.056195 0.037463 
0 0.150585 0.597862 0.056195 0.037463 
0 0.151133 0.163103 0.056195 0.037463 
0 0.151133 0.535362 0.056195 0.037463 
0 0.151316 0.225055 0.056195 0.037463 
0 0.151316 0.287007 0.056195 0.037463 
0 0.151316 0.473136 0.056195 0.037463 
0 0.151499 0.349232 0.056195 0.037463 
0 0.151499 0.411184 0.056195 0.037463 
0 0.189876 0.848136 0.056195 0.037463 
0 0.190424 0.785362 0.056195 0.037463 
0 0.190972 0.722862 0.056195 0.037463 
0 0.191520 0.660362 0.056195 0.037463 
0 0.192069 0.597862 0.056195 0.037463 
0 0.192617 0.163925 0.056195 0.037463 
0 0.192617 0.535636 0.056195 0.037463 
0 0.192800 0.225877 0.056195 0.037463 
0 0.192800 0.287555 0.056195 0.037463 
0 0.192800 0.473410 0.056195 0.037463 
0 0.192982 0.349507 0.056195 0.037463 
0 0.192982 0.411458 0.056195 0.037463 
0 0.231908 0.847862 0.056195 0.037463 
0 0.232273 0.785088 0.056195 0.037463 
0 0.232822 0.722588 0.056195 0.037463 
0 0.233187 0.660088 0.056195 0.037463 
0 0.233735 0.597588 0.056195 0.037463 
0 0.233918 0.535636 0.056195 0.037463 
0 0.234101 0.164748 0.056195 0.037463 
0 0.234101 0.226425 0.056195 0.037463 
0 0.234101 0.473410 0.056195 0.037463 
0 0.234284 0.288377 0.056195 0.037463 
0 0.234284 0.350055 0.056195 0.037463 
0 0.234284 0.411732 0.056195 0.037463 
0 0.273940 0.847314 0.056195 0.037463 
0 0.274306 0.784814 0.056195 0.037463 
0 0.274488 0.722314 0.056195 0.037463 
0 0.274854 0.659814 0.056195 0.037463 
0 0.275219 0.597588 0.056195 0.037463 
0 0.275402 0.165570 0.056195 0.037463 
0 0.275402 0.535636 0.056195 0.037463 
0 0.275585 0.227248 0.056195 0.037463 
0 0.275585 0.288925 0.056195 0.037463 
0 0.275585 0.350329 0.056195 0.037463 
0 0.275585 0.412007 0.056195 0.037463 
0 0.275585 0.473684 0.056195 0.037463 
0 0.315972 0.847039 0.056195 0.037463 
0 0.316155 0.784539 0.056195 0.037463 
0 0.316338 0.659539 0.056195 0.037463 
0 0.316338 0.722039 0.056195 0.037463 
0 0.316520 0.597588 0.056195 0.037463 
0 0.316703 0.535636 0.056195 0.037463 
0 0.316886 0.166393 0.056195 0.037463 
0 0.316886 0.227796 0.056195 0.037463 
0 0.316886 0.289474 0.056195 0.037463 
0 0.316886 0.350877 0.056195 0.037463 
0 0.316886 0.412281 0.056195 0.037463 
0 0.316886 0.473684 0.056195 0.037463 
0 0.357822 0.659539 0.056195 0.037463 
0 0.357822 0.721765 0.056195 0.037463 
0 0.357822 0.846765 0.056195 0.037463 
0 0.358004 0.166941 0.056195 0.037463 
0 0.358004 0.351151 0.056195 0.037463 
0 0.358004 0.412555 0.056195 0.037463 
0 0.358004 0.473958 0.056195 0.037463 
0 0.358004 0.535636 0.056195 0.037463 
0 0.358004 0.597314 0.056195 0.037463 
0 0.358004 0.784265 0.056195 0.037463 
0 0.358187 0.228618 0.056195 0.037463 
0 0.358187 0.290022 0.056195 0.037463 
0 0.399123 0.351425 0.056195 0.037463 
0 0.399123 0.412829 0.056195 0.037463 
0 0.399123 0.473958 0.056195 0.037463 
0 0.399123 0.535362 0.056195 0.037463 
0 0.399306 0.167489 0.056195 0.037463 
0 0.399306 0.229167 0.056195 0.037463 
0 0.399306 0.290296 0.056195 0.037463 
0 0.399306 0.597314 0.056195 0.037463 
0 0.399306 0.659265 0.056195 0.037463 
0 0.399488 0.721491 0.056195 0.037463 
0 0.399671 0.783991 0.056195 0.037463 
0 0.399671 0.846217 0.056195 0.037463 
0 0.440241 0.229715 0.056195 0.037463 
0 0.440241 0.290844 0.056195 0.037463 
0 0.440241 0.351700 0.056195 0.037463 
0 0.440241 0.412829 0.056195 0.037463 
0 0.440241 0.473958 0.056195 0.037463 
0 0.440424 0.168037 0.056195 0.037463 
0 0.440424 0.535362 0.056195 0.037463 
0 0.440424 0.597314 0.056195 0.037463 
0 0.440607 0.659265 0.056195 0.037463 
0 0.440789 0.721491 0.056195 0.037463 
0 0.441155 0.783717 0.056195 0.037463 
0 0.441338 0.846217 0.056195 0.037463 
0 0.481177 0.168311 0.056195 0.037463 
0 0.481177 0.229989 0.056195 0.037463 
0 0.481177 0.290844 0.056195 0.037463 
0 0.481177 0.351974 0.056195 0.037463 
0 0.481177 0.412829 0.056195 0.037463 
0 0.481360 0.473958 0.056195 0.037463 
0 0.481360 0.535362 0.056195 0.037463 
0 0.481542 0.597314 0.056195 0.037463 
0 0.481908 0.659265 0.056195 0.037463 
0 0.482091 0.721217 0.056195 0.037463 
0 0.482456 0.783717 0.056195 0.037463 
0 0.482822 0.845943 0.056195 0.037463 
0 0.521930 0.168586 0.056195 0.037463 
0 0.521930 0.229989 0.056195 0.037463 
0 0.522113 0.291118 0.056195 0.037463 
0 0.522113 0.351974 0.056195 0.037463 
0 0.522113 0.413103 0.056195 0.037463 
0 0.522295 0.474232 0.056195 0.037463 
0 0.522478 0.535636 0.056195 0.037463 
0 0.522661 0.597314 0.056195 0.037463 
0 0.523026 0.659265 0.056195 0.037463 
0 0.523392 0.721217 0.056195 0.037463 
0 0.523757 0.783717 0.056195 0.037463 
0 0.523940 0.845943 0.056195 0.037463 
0 0.562683 0.168586 0.056195 0.037463 
0 0.562865 0.229989 0.056195 0.037463 
0 0.562865 0.290844 0.056195 0.037463 
0 0.563048 0.351974 0.056195 0.037463 
0 0.563048 0.412829 0.056195 0.037463 
0 0.563231 0.473958 0.056195 0.037463 
0 0.563596 0.535636 0.056195 0.037463 
0 0.563779 0.597314 0.056195 0.037463 
0 0.564327 0.659265 0.056195 0.037463 
0 0.564693 0.721217 0.056195 0.037463 
0 0.564876 0.783717 0.056195 0.037463 
0 0.565241 0.845943 0.056195 0.037463 
0 0.603618 0.168037 0.056195 0.037463 
0 0.603618 0.229441 0.056195 0.037463 
0 0.603801 0.290570 0.056195 0.037463 
0 0.603984 0.351700 0.056195 0.037463 
0 0.604167 0.412829 0.056195 0.037463 
0 0.604349 0.473958 0.056195 0.037463 
0 0.604532 0.535362 0.056195 0.037463 
0 0.605080 0.597314 0.056195 0.037463 
0 0.605446 0.659265 0.056195 0.037463 
0 0.605994 0.721491 0.056195 0.037463 
0 0.606360 0.783717 0.056195 0.037463 
0 0.606725 0.846217 0.056195 0.037463 
0 0.644737 0.167489 0.056195 0.037463 
0 0.644737 0.228893 0.056195 0.037463 
0 0.644920 0.290022 0.056195 0.037463 
0 0.645102 0.351151 0.056195 0.037463 
0 0.645285 0.412281 0.056195 0.037463 
0 0.645468 0.473684 0.056195 0.037463 
0 0.645833 0.535362 0.056195 0.037463 
0 0.646199 0.597039 0.056195 0.037463 
0 0.646747 0.659265 0.056195 0.037463 
0 0.647295 0.721491 0.056195 0.037463 
0 0.647844 0.783717 0.056195 0.037463 
0 0.648209 0.846217 0.056195 0.037463 
0 0.685855 0.166393 0.056195 0.037463 
0 0.685855 0.228070 0.056195 0.037463 
0 0.686038 0.289474 0.056195 0.037463 
0 0.686221 0.350603 0.056195 0.037463 
0 0.686404 0.412007 0.056195 0.037463 
0 0.686586 0.473410 0.056195 0.037463 
0 0.686952 0.535088 0.056195 0.037463 
0 0.687500 0.597039 0.056195 0.037463 
0 0.688231 0.658991 0.056195 0.037463 
0 0.688962 0.721491 0.056195 0.037463 
0 0.689510 0.783717 0.056195 0.037463 
0 0.690058 0.846217 0.056195 0.037463 
0 0.727156 0.165296 0.056195 0.037463 
0 0.727156 0.226974 0.056195 0.037463 
0 0.727339 0.288651 0.056195 0.037463 
0 0.727339 0.350055 0.056195 0.037463 
0 0.727522 0.411458 0.056195 0.037463 
0 0.727887 0.473136 0.056195 0.037463 
0 0.728253 0.534814 0.056195 0.037463 
0 0.728984 0.596765 0.056195 0.037463 
0 0.729715 0.658991 0.056195 0.037463 
0 0.730446 0.721217 0.056195 0.037463 
0 0.731177 0.783717 0.056195 0.037463 
0 0.731908 0.846217 0.056195 0.037463 
0 0.768640 0.164200 0.056195 0.037463 
0 0.768640 0.225877 0.056195 0.037463 
0 0.768640 0.287555 0.056195 0.037463 
0 0.768640 0.349232 0.056195 0.037463 
0 0.768823 0.410910 0.056195 0.037463 
0 0.769189 0.472588 0.056195 0.037463 
0 0.769554 0.534539 0.056195 0.037463 
0 0.770285 0.596765 0.056195 0.037463 
0 0.771199 0.658991 0.056195 0.037463 
0 0.772113 0.721217 0.056195 0.037463 
0 0.773026 0.783717 0.056195 0.037463 
0 0.773940 0.846217 0.056195 0.037463 
0 0.809942 0.224781 0.056195 0.037463 
0 0.809942 0.286732 0.056195 0.037463 
0 0.810124 0.163103 0.056195 0.037463 
0 0.810124 0.348684 0.056195 0.037463 
0 0.810307 0.410362 0.056195 0.037463 
0 0.810490 0.472314 0.056195 0.037463 
0 0.811038 0.534265 0.056195 0.037463 
0 0.811769 0.596491 0.056195 0.037463 
0 0.812865 0.658717 0.056195 0.037463 
0 0.813779 0.721217 0.056195 0.037463 
0 0.814876 0.783717 0.056195 0.037463 
0 0.815789 0.846217 0.056195 0.037463 
0 0.851425 0.223958 0.056195 0.037463 
0 0.851425 0.285910 0.056195 0.037463 
0 0.851608 0.162007 0.056195 0.037463 
0 0.851608 0.347862 0.056195 0.037463 
0 0.851791 0.409814 0.056195 0.037463 
0 0.851974 0.471765 0.056195 0.037463 
0 0.852522 0.533991 0.056195 0.037463 
0 0.853436 0.596217 0.056195 0.037463 
0 0.854532 0.658443 0.056195 0.037463 
0 0.855629 0.720943 0.056195 0.037463 
0 0.856725 0.783717 0.056195 0.037463 
0 0.857639 0.846217 0.056195 0.037463 