0 0.059787 0.162514 0.057292 0.038194 
0 0.061248 0.225254 0.057292 0.038194 
0 0.062892 0.287997 0.057292 0.038012 
0 0.064539 0.351017 0.057292 0.038012 
0 0.066180 0.413489 0.057292 0.038012 
0 0.067641 0.476239 0.057292 0.038012 
0 0.068547 0.538449 0.057292 0.038194 
0 0.069456 0.600934 0.057292 0.038194 
0 0.070179 0.663148 0.057292 0.038194 
0 0.070719 0.725368 0.057292 0.038194 
0 0.071443 0.787584 0.057292 0.038194 
0 0.071980 0.849530 0.057292 0.038194 
0 0.101816 0.161687 0.057292 0.038194 
0 0.103094 0.224433 0.057292 0.038194 
0 0.104737 0.287175 0.057292 0.038012 
0 0.106382 0.349921 0.057292 0.038012 
0 0.107843 0.412671 0.057292 0.038012 
0 0.109118 0.475152 0.057292 0.038012 
0 0.110206 0.537359 0.057292 0.038194 
0 0.111112 0.599569 0.057292 0.038194 
0 0.111835 0.661784 0.057292 0.038194 
0 0.112372 0.723731 0.057292 0.038194 
0 0.112913 0.785951 0.057292 0.038194 
0 0.113450 0.847897 0.057292 0.038194 
0 0.143848 0.161134 0.057292 0.038194 
0 0.145123 0.223606 0.057292 0.038194 
0 0.146583 0.286354 0.057292 0.038012 
0 0.148045 0.349104 0.057292 0.038012 
0 0.149503 0.411580 0.057292 0.038012 
0 0.150778 0.474060 0.057292 0.038012 
0 0.151684 0.536273 0.057292 0.038012 
0 0.152585 0.598210 0.057292 0.038194 
0 0.153305 0.660150 0.057292 0.038194 
0 0.153845 0.722371 0.057292 0.038194 
0 0.154565 0.784312 0.057292 0.038194 
0 0.155102 0.846259 0.057292 0.038194 
0 0.185877 0.160307 0.057292 0.038194 
0 0.187155 0.223053 0.057292 0.038012 
0 0.188429 0.285532 0.057292 0.038012 
0 0.189704 0.348012 0.057292 0.038012 
0 0.190980 0.410492 0.057292 0.038012 
0 0.192251 0.472698 0.057292 0.038012 
0 0.193157 0.534912 0.057292 0.038012 
0 0.194059 0.596851 0.057292 0.038012 
0 0.194778 0.658791 0.057292 0.038194 
0 0.195315 0.720738 0.057292 0.038194 
0 0.196032 0.782405 0.057018 0.038194 
0 0.196570 0.844353 0.057018 0.038194 
0 0.227906 0.159480 0.057292 0.038194 
0 0.229001 0.222232 0.057292 0.038012 
0 0.230275 0.284710 0.057292 0.038012 
0 0.231367 0.347194 0.057292 0.038012 
0 0.232642 0.409674 0.057292 0.038012 
0 0.233545 0.471615 0.057292 0.038012 
0 0.234451 0.533828 0.057292 0.038012 
0 0.235350 0.595495 0.057292 0.038012 
0 0.236066 0.657162 0.057292 0.038012 
0 0.236781 0.718832 0.057018 0.038012 
0 0.237322 0.780779 0.057018 0.038194 
0 0.238041 0.842445 0.057018 0.038194 
0 0.269937 0.158928 0.057292 0.038194 
0 0.271029 0.221406 0.057292 0.038012 
0 0.271938 0.283893 0.057292 0.038012 
0 0.273030 0.346377 0.057292 0.038012 
0 0.274119 0.408587 0.057292 0.038012 
0 0.275022 0.470527 0.057292 0.038012 
0 0.275924 0.532467 0.057292 0.038012 
0 0.276640 0.594136 0.057292 0.038012 
0 0.277356 0.655805 0.057018 0.038012 
0 0.278073 0.717202 0.057018 0.038012 
0 0.278792 0.778871 0.057018 0.038012 
0 0.279329 0.840544 0.057018 0.038012 
0 0.311966 0.158101 0.057292 0.038194 
0 0.312875 0.220584 0.057292 0.038012 
0 0.313784 0.283071 0.057292 0.038012 
0 0.314511 0.345563 0.057292 0.038012 
0 0.315413 0.407503 0.057292 0.038012 
0 0.316316 0.469442 0.057292 0.038012 
0 0.317218 0.531382 0.057292 0.038012 
0 0.317930 0.592778 0.057292 0.038012 
0 0.318646 0.654174 0.057018 0.038012 
0 0.319363 0.715570 0.057018 0.038012 
0 0.320083 0.777239 0.057018 0.038012 
0 0.320800 0.838635 0.057018 0.038012 
0 0.353812 0.157279 0.057292 0.038194 
0 0.354721 0.219762 0.057292 0.038012 
0 0.355265 0.282258 0.057292 0.038012 
0 0.355988 0.344475 0.057292 0.038012 
0 0.356893 0.406690 0.057292 0.038012 
0 0.357610 0.468359 0.057292 0.038012 
0 0.358326 0.530030 0.057292 0.038012 
0 0.359039 0.591425 0.057018 0.038012 
0 0.359757 0.652821 0.057018 0.038012 
0 0.360653 0.713937 0.057018 0.038012 
0 0.361371 0.775333 0.057018 0.038012 
0 0.361908 0.837007 0.057018 0.038012 
0 0.395661 0.156732 0.057292 0.038194 
0 0.396384 0.218947 0.057292 0.038194 
0 0.396929 0.281442 0.057292 0.038012 
0 0.397469 0.343662 0.057292 0.038012 
0 0.398187 0.405606 0.057292 0.038012 
0 0.398725 0.467554 0.057292 0.038012 
0 0.399437 0.528949 0.057292 0.038012 
0 0.400149 0.590071 0.057018 0.038012 
0 0.400867 0.651467 0.057018 0.038012 
0 0.401764 0.712584 0.057018 0.038012 
0 0.402479 0.773705 0.057018 0.038012 
0 0.403197 0.835376 0.057292 0.038012 
0 0.437321 0.155641 0.057292 0.038194 
0 0.437865 0.218135 0.057292 0.038194 
0 0.438222 0.280361 0.057292 0.038194 
0 0.438763 0.342582 0.057292 0.038194 
0 0.439300 0.404529 0.057292 0.038194 
0 0.440019 0.466471 0.057292 0.038012 
0 0.440549 0.527870 0.057018 0.038012 
0 0.441263 0.588992 0.057018 0.038012 
0 0.441977 0.650113 0.057018 0.038012 
0 0.442689 0.710959 0.057018 0.038012 
0 0.443402 0.772082 0.057292 0.038012 
0 0.444301 0.833748 0.057292 0.038012 
0 0.478802 0.154831 0.057292 0.038194 
0 0.479159 0.217056 0.057292 0.038194 
0 0.479520 0.279556 0.057292 0.038194 
0 0.480057 0.341503 0.057292 0.038194 
0 0.480411 0.403455 0.057292 0.038194 
0 0.480948 0.465401 0.057292 0.038194 
0 0.481662 0.526796 0.057018 0.038194 
0 0.482194 0.587919 0.057018 0.038194 
0 0.482906 0.648763 0.057018 0.038012 
0 0.483620 0.709885 0.057018 0.038012 
0 0.484327 0.770732 0.057292 0.038012 
0 0.485043 0.832402 0.057292 0.038012 
0 0.519912 0.153757 0.057292 0.038194 
0 0.520453 0.215977 0.057292 0.038194 
0 0.520814 0.278477 0.057292 0.038194 
0 0.521168 0.340429 0.057292 0.038194 
0 0.521523 0.402381 0.057292 0.038194 
0 0.522056 0.464053 0.057018 0.038194 
0 0.522590 0.525453 0.057018 0.038194 
0 0.523122 0.586577 0.057018 0.038194 
0 0.523836 0.647694 0.057018 0.038194 
0 0.524547 0.708540 0.057018 0.038194 
0 0.525074 0.769665 0.057292 0.038194 
0 0.525786 0.831058 0.057292 0.038012 
0 0.561206 0.152677 0.057292 0.038194 
0 0.561564 0.214903 0.057292 0.038194 
0 0.562108 0.277398 0.057292 0.038194 
0 0.562462 0.339350 0.057292 0.038194 
0 0.562634 0.401307 0.057292 0.038194 
0 0.563168 0.462981 0.057018 0.038194 
0 0.563522 0.524658 0.057018 0.038194 
0 0.564055 0.585782 0.057018 0.038194 
0 0.564767 0.646625 0.057018 0.038194 
0 0.565297 0.707751 0.057018 0.038194 
0 0.566003 0.768596 0.057292 0.038194 
0 0.566532 0.829994 0.057292 0.038194 
0 0.602680 0.151318 0.057292 0.038194 
0 0.603041 0.213818 0.057292 0.038194 
0 0.603399 0.276044 0.057292 0.038194 
0 0.603573 0.338276 0.057292 0.038194 
0 0.603928 0.400228 0.057018 0.038194 
0 0.604101 0.462186 0.057018 0.038194 
0 0.604636 0.523584 0.057018 0.038194 
0 0.605167 0.584708 0.057018 0.038194 
0 0.605699 0.645831 0.057018 0.038194 
0 0.606229 0.706957 0.057292 0.038194 
0 0.606755 0.768081 0.057292 0.038194 
0 0.607468 0.829474 0.057292 0.038194 
0 0.644156 0.150233 0.057292 0.038194 
0 0.644518 0.212733 0.057292 0.038194 
0 0.644693 0.274964 0.057292 0.038194 
0 0.644868 0.337196 0.057292 0.038194 
0 0.645043 0.399428 0.057018 0.038194 
0 0.645397 0.461106 0.057018 0.038194 
0 0.645751 0.522783 0.057018 0.038194 
0 0.646286 0.584181 0.057018 0.038194 
0 0.646817 0.645306 0.057018 0.038194 
0 0.647348 0.706431 0.057292 0.038194 
0 0.647874 0.767555 0.057292 0.038194 
0 0.648586 0.828948 0.057292 0.038194 
0 0.685999 0.149137 0.057292 0.038194 
0 0.686177 0.211643 0.057292 0.038194 
0 0.686353 0.273874 0.057292 0.038194 
0 0.686348 0.336385 0.057018 0.038194 
0 0.686339 0.398349 0.057018 0.038194 
0 0.686513 0.460307 0.057018 0.038194 
0 0.686867 0.521984 0.057018 0.038194 
0 0.687402 0.583381 0.057018 0.038194 
0 0.687936 0.644780 0.057018 0.038194 
0 0.688466 0.705905 0.057292 0.038194 
0 0.688995 0.767304 0.057292 0.038194 
0 0.689712 0.828971 0.057292 0.038194 
0 0.727841 0.148042 0.057292 0.038194 
0 0.727837 0.210553 0.057292 0.038194 
0 0.727833 0.273064 0.057018 0.038194 
0 0.727826 0.335301 0.057018 0.038194 
0 0.727820 0.397538 0.057018 0.038194 
0 0.727812 0.459501 0.057018 0.038194 
0 0.728166 0.521178 0.057018 0.038194 
0 0.728520 0.582855 0.057018 0.038194 
0 0.729054 0.644254 0.057018 0.038194 
0 0.729771 0.705648 0.057018 0.038194 
0 0.730304 0.767321 0.057292 0.038194 
0 0.731021 0.828987 0.057292 0.038194 
0 0.769115 0.396459 0.057018 0.038194 
0 0.769110 0.458695 0.057018 0.038012 
0 0.769304 0.334217 0.057018 0.038194 
0 0.769493 0.271975 0.057018 0.038194 
0 0.769468 0.520647 0.057018 0.038012 
0 0.769679 0.209458 0.057018 0.038194 
0 0.769866 0.146941 0.057018 0.038194 
0 0.769822 0.582324 0.057018 0.038012 
0 0.770359 0.643997 0.057018 0.038194 
0 0.771078 0.705663 0.057018 0.038194 
0 0.771795 0.767332 0.057292 0.038194 
0 0.772511 0.828998 0.057292 0.038194 
0 0.810597 0.395648 0.057018 0.038012 
0 0.810592 0.457882 0.057018 0.038012 
0 0.810766 0.519837 0.057018 0.038012 
0 0.810968 0.333401 0.057018 0.038194 
0 0.811154 0.270884 0.057018 0.038194 
0 0.811306 0.581785 0.057018 0.038012 
0 0.811523 0.208364 0.057018 0.038194 
0 0.811709 0.145847 0.057018 0.038194 
0 0.811843 0.643459 0.057018 0.038012 
0 0.812382 0.705406 0.057018 0.038012 
0 0.813103 0.767349 0.057018 0.038012 
0 0.814003 0.829010 0.057292 0.038194 
0 0.852073 0.457068 0.057018 0.038012 
0 0.852261 0.394831 0.057018 0.038012 
0 0.852250 0.519298 0.057018 0.038012 
0 0.852632 0.332585 0.057018 0.038194 
0 0.852790 0.581245 0.057018 0.038012 
0 0.853001 0.270063 0.057018 0.038194 
0 0.853367 0.207268 0.057018 0.038194 
0 0.853329 0.643193 0.057018 0.038012 
0 0.853552 0.144752 0.057018 0.038194 
0 0.853869 0.705141 0.057018 0.038012 
0 0.854591 0.767085 0.057018 0.038012 
0 0.855493 0.829022 0.057292 0.038194 