0 0.064111 0.826902 0.057292 0.038012 
0 0.065013 0.764962 0.057292 0.038012 
0 0.065736 0.702745 0.057292 0.038012 
0 0.066643 0.640530 0.057018 0.038012 
0 0.067367 0.578313 0.057018 0.038012 
0 0.067905 0.139671 0.057018 0.038012 
0 0.067905 0.202454 0.057018 0.038012 
0 0.067912 0.515817 0.057018 0.038194 
0 0.068088 0.265240 0.057018 0.038012 
0 0.068269 0.328301 0.057018 0.038012 
0 0.068455 0.390813 0.057018 0.038012 
0 0.068455 0.453598 0.057018 0.038194 
0 0.105595 0.827442 0.057292 0.038012 
0 0.106497 0.765502 0.057292 0.038012 
0 0.107403 0.703288 0.057292 0.038012 
0 0.108307 0.641348 0.057018 0.038012 
0 0.109032 0.579130 0.057018 0.038012 
0 0.109574 0.516908 0.057018 0.038012 
0 0.109747 0.203823 0.057018 0.038012 
0 0.109929 0.141045 0.057018 0.038012 
0 0.109930 0.266609 0.057018 0.038012 
0 0.109934 0.454682 0.057018 0.038012 
0 0.110114 0.329396 0.057018 0.038012 
0 0.110114 0.392178 0.057018 0.038012 
0 0.147261 0.827986 0.057292 0.038012 
0 0.148164 0.766046 0.057292 0.038012 
0 0.148883 0.704102 0.057018 0.038012 
0 0.149791 0.641887 0.057018 0.038012 
0 0.150513 0.579943 0.057018 0.038012 
0 0.151053 0.517995 0.057018 0.038012 
0 0.151595 0.455773 0.057018 0.038012 
0 0.151771 0.205198 0.057018 0.038012 
0 0.151771 0.267980 0.057018 0.038012 
0 0.151772 0.330762 0.057018 0.038012 
0 0.151775 0.393269 0.057018 0.038012 
0 0.151951 0.142693 0.057018 0.038012 
0 0.188748 0.828252 0.057292 0.038012 
0 0.189651 0.766311 0.057292 0.038012 
0 0.190367 0.704641 0.057018 0.038012 
0 0.191271 0.642701 0.057018 0.038012 
0 0.191994 0.580757 0.057018 0.038012 
0 0.192534 0.518809 0.057018 0.038012 
0 0.193076 0.456588 0.057018 0.038012 
0 0.193254 0.394358 0.057018 0.038012 
0 0.193433 0.331854 0.057018 0.038012 
0 0.193613 0.269350 0.057018 0.038012 
0 0.193792 0.206846 0.057018 0.038012 
0 0.193975 0.144067 0.057018 0.038012 
0 0.230236 0.828516 0.057292 0.038012 
0 0.230952 0.766847 0.057292 0.038012 
0 0.231855 0.704907 0.057292 0.038012 
0 0.232573 0.643236 0.057018 0.038012 
0 0.233293 0.581567 0.057018 0.038012 
0 0.233830 0.519893 0.057018 0.038012 
0 0.234372 0.457671 0.057018 0.038012 
0 0.234912 0.395724 0.057018 0.038012 
0 0.235092 0.333220 0.057018 0.038012 
0 0.235454 0.270719 0.057018 0.038012 
0 0.235633 0.208215 0.057018 0.038012 
0 0.235998 0.145441 0.057018 0.038012 
0 0.271541 0.828778 0.057292 0.038012 
0 0.272439 0.767112 0.057292 0.038012 
0 0.273156 0.705443 0.057292 0.038012 
0 0.273871 0.644046 0.057018 0.038012 
0 0.274591 0.582376 0.057018 0.038012 
0 0.275311 0.520706 0.057018 0.038012 
0 0.275851 0.458758 0.057018 0.038012 
0 0.276391 0.396812 0.057018 0.038012 
0 0.276751 0.334586 0.057018 0.038012 
0 0.277113 0.272085 0.057018 0.038012 
0 0.277658 0.209589 0.057018 0.038012 
0 0.278020 0.147089 0.057018 0.038012 
0 0.313029 0.829043 0.057292 0.038012 
0 0.313741 0.767647 0.057292 0.038012 
0 0.314457 0.705977 0.057292 0.038012 
0 0.315173 0.644581 0.057018 0.038012 
0 0.315890 0.583186 0.057018 0.038012 
0 0.316607 0.521790 0.057018 0.038012 
0 0.317147 0.459843 0.057018 0.038012 
0 0.317686 0.397895 0.057018 0.038012 
0 0.318226 0.335947 0.057018 0.038012 
0 0.318954 0.273454 0.057018 0.038012 
0 0.319498 0.210958 0.057292 0.038012 
0 0.320042 0.148462 0.057292 0.038012 
0 0.354148 0.829571 0.057292 0.038194 
0 0.355045 0.767909 0.057292 0.038012 
0 0.355758 0.706513 0.057292 0.038012 
0 0.356289 0.645387 0.057018 0.038012 
0 0.357005 0.583991 0.057018 0.038012 
0 0.357723 0.522595 0.057018 0.038012 
0 0.358443 0.460926 0.057018 0.038012 
0 0.359162 0.399257 0.057018 0.038012 
0 0.359704 0.337034 0.057292 0.038012 
0 0.360427 0.274816 0.057292 0.038012 
0 0.361337 0.212328 0.057292 0.038012 
0 0.361881 0.149832 0.057292 0.038012 
0 0.395449 0.830102 0.057292 0.038194 
0 0.396165 0.768436 0.057292 0.038194 
0 0.396874 0.707317 0.057018 0.038012 
0 0.397405 0.646191 0.057018 0.038012 
0 0.398121 0.584797 0.057018 0.038012 
0 0.398836 0.523675 0.057018 0.038012 
0 0.399553 0.462280 0.057018 0.038012 
0 0.400457 0.400340 0.057292 0.038012 
0 0.401177 0.338396 0.057292 0.038012 
0 0.402083 0.276182 0.057292 0.038012 
0 0.402993 0.213694 0.057292 0.038012 
0 0.403716 0.151476 0.057292 0.038012 
0 0.436567 0.830628 0.057292 0.038194 
0 0.437100 0.768956 0.057292 0.038194 
0 0.437809 0.707837 0.057018 0.038194 
0 0.438521 0.646992 0.057018 0.038194 
0 0.439235 0.585872 0.057018 0.038194 
0 0.439950 0.524754 0.057018 0.038012 
0 0.440849 0.463363 0.057018 0.038012 
0 0.441568 0.401420 0.057292 0.038012 
0 0.442471 0.339480 0.057292 0.038012 
0 0.443377 0.277266 0.057292 0.038012 
0 0.444466 0.215056 0.057292 0.038012 
0 0.445375 0.152567 0.057292 0.038012 
0 0.477316 0.831418 0.057292 0.038194 
0 0.478033 0.769750 0.057292 0.038194 
0 0.478739 0.708904 0.057018 0.038194 
0 0.479453 0.647786 0.057018 0.038194 
0 0.480165 0.586941 0.057018 0.038194 
0 0.481062 0.525828 0.057018 0.038194 
0 0.481778 0.464433 0.057018 0.038194 
0 0.482680 0.402498 0.057292 0.038012 
0 0.483764 0.340563 0.057292 0.038012 
0 0.484668 0.278624 0.057292 0.038012 
0 0.485759 0.216140 0.057292 0.038012 
0 0.486849 0.153930 0.057292 0.038012 
0 0.518066 0.832207 0.057292 0.038194 
0 0.518779 0.770814 0.057292 0.038194 
0 0.519672 0.709700 0.057018 0.038194 
0 0.520383 0.648854 0.057018 0.038194 
0 0.521098 0.587736 0.057018 0.038194 
0 0.521995 0.526622 0.057018 0.038194 
0 0.522893 0.465234 0.057292 0.038194 
0 0.523792 0.403573 0.057292 0.038194 
0 0.524877 0.341642 0.057292 0.038012 
0 0.525961 0.279708 0.057292 0.038012 
0 0.527053 0.217223 0.057292 0.038012 
0 0.527960 0.155010 0.057292 0.038012 
0 0.558812 0.833271 0.057292 0.038194 
0 0.559707 0.771883 0.057292 0.038194 
0 0.560417 0.711037 0.057018 0.038194 
0 0.561314 0.649923 0.057018 0.038194 
0 0.562026 0.589080 0.057018 0.038194 
0 0.562922 0.527965 0.057018 0.038194 
0 0.564004 0.466309 0.057292 0.038194 
0 0.564903 0.404646 0.057292 0.038194 
0 0.566171 0.342721 0.057292 0.038194 
0 0.567256 0.280790 0.057292 0.038012 
0 0.568165 0.218303 0.057292 0.038012 
0 0.569254 0.156093 0.057292 0.038012 
0 0.599734 0.834888 0.057292 0.038012 
0 0.600448 0.773493 0.057018 0.038194 
0 0.601345 0.712380 0.057018 0.038194 
0 0.602242 0.651267 0.057018 0.038194 
0 0.603139 0.590153 0.057018 0.038194 
0 0.604035 0.529038 0.057292 0.038194 
0 0.604929 0.467652 0.057292 0.038194 
0 0.606197 0.405726 0.057292 0.038194 
0 0.607282 0.343796 0.057292 0.038194 
0 0.608554 0.281597 0.057292 0.038194 
0 0.609642 0.219391 0.057292 0.038012 
0 0.610734 0.156907 0.057292 0.038012 
0 0.640839 0.836515 0.057018 0.038012 
0 0.641556 0.775119 0.057018 0.038012 
0 0.642453 0.714002 0.057018 0.038012 
0 0.643350 0.652889 0.057018 0.038194 
0 0.644246 0.591775 0.057018 0.038194 
0 0.645142 0.530387 0.057292 0.038194 
0 0.646224 0.468731 0.057292 0.038194 
0 0.647305 0.407075 0.057292 0.038194 
0 0.648577 0.344875 0.057292 0.038194 
0 0.649848 0.282676 0.057292 0.038194 
0 0.651120 0.220477 0.057292 0.038012 
0 0.652211 0.157994 0.057292 0.038012 
0 0.681941 0.838691 0.057018 0.038012 
0 0.682661 0.777021 0.057018 0.038012 
0 0.683561 0.715630 0.057018 0.038012 
0 0.684458 0.654512 0.057018 0.038012 
0 0.685355 0.593122 0.057292 0.038194 
0 0.686250 0.531735 0.057292 0.038194 
0 0.687332 0.470079 0.057292 0.038194 
0 0.688599 0.408154 0.057292 0.038194 
0 0.690050 0.346235 0.057292 0.038194 
0 0.691507 0.283766 0.057292 0.038194 
0 0.692779 0.221568 0.057292 0.038194 
0 0.694054 0.159090 0.057292 0.038012 
0 0.723226 0.840872 0.057018 0.038012 
0 0.723946 0.779202 0.057018 0.038012 
0 0.724848 0.717536 0.057018 0.038012 
0 0.725565 0.656140 0.057292 0.038012 
0 0.726460 0.594747 0.057292 0.038012 
0 0.727540 0.533089 0.057292 0.038012 
0 0.728621 0.471432 0.057292 0.038194 
0 0.730072 0.409513 0.057292 0.038194 
0 0.731527 0.347320 0.057292 0.038194 
0 0.732981 0.285125 0.057292 0.038194 
0 0.734439 0.222657 0.057292 0.038194 
0 0.735896 0.160186 0.057292 0.038012 
0 0.764694 0.843056 0.057018 0.038012 
0 0.765414 0.781386 0.057018 0.038012 
0 0.766131 0.719715 0.057292 0.038012 
0 0.766848 0.658046 0.057292 0.038012 
0 0.767747 0.596380 0.057292 0.038012 
0 0.768828 0.534719 0.057292 0.038012 
0 0.769912 0.472786 0.057292 0.038194 
0 0.771366 0.410592 0.057292 0.038194 
0 0.773003 0.348404 0.057292 0.038194 
0 0.774640 0.286215 0.057292 0.038194 
0 0.776281 0.223752 0.057292 0.038194 
0 0.777920 0.161286 0.057292 0.038012 
0 0.806161 0.845239 0.057018 0.038012 
0 0.806695 0.783566 0.057292 0.038012 
0 0.807414 0.721622 0.057292 0.038012 
0 0.808317 0.659682 0.057292 0.038012 
0 0.809216 0.598016 0.057292 0.038012 
0 0.810118 0.536077 0.057292 0.038012 
0 0.811386 0.474145 0.057292 0.038012 
0 0.812839 0.411951 0.057292 0.038194 
0 0.814659 0.349768 0.057292 0.038194 
0 0.816300 0.287305 0.057292 0.038194 
0 0.818123 0.224848 0.057292 0.038194 
0 0.819763 0.162382 0.057292 0.038012 
0 0.847624 0.847423 0.057292 0.038012 
0 0.848161 0.785475 0.057292 0.038012 
0 0.848881 0.723532 0.057292 0.038012 
0 0.849783 0.661592 0.057292 0.038012 
0 0.850685 0.599652 0.057292 0.038012 
0 0.851588 0.537714 0.057292 0.038012 
0 0.852859 0.475507 0.057292 0.038012 
0 0.854495 0.413316 0.057292 0.038194 
0 0.856315 0.351133 0.057292 0.038194 
0 0.858138 0.288675 0.057292 0.038194 
0 0.859966 0.225944 0.057292 0.038194 
0 0.861605 0.163477 0.057292 0.038012 