0 0.053545 0.849232 0.056743 0.037829 
0 0.054642 0.786184 0.056743 0.037829 
0 0.055738 0.723136 0.056743 0.037829 
0 0.056835 0.660088 0.056743 0.037829 
0 0.057749 0.597039 0.056743 0.037829 
0 0.058662 0.533991 0.056743 0.037829 
0 0.059393 0.470943 0.056743 0.037829 
0 0.059942 0.407621 0.056743 0.037829 
0 0.060307 0.344572 0.056743 0.037829 
0 0.060490 0.281524 0.056743 0.037829 
0 0.060673 0.218750 0.056743 0.037829 
0 0.060855 0.155976 0.056743 0.037829 
0 0.096126 0.849232 0.056743 0.037829 
0 0.097039 0.786184 0.056743 0.037829 
0 0.098136 0.723136 0.056743 0.037829 
0 0.099232 0.660088 0.056743 0.037829 
0 0.100146 0.597039 0.056743 0.037829 
0 0.101060 0.533991 0.056743 0.037829 
0 0.101608 0.470943 0.056743 0.037829 
0 0.102156 0.407895 0.056743 0.037829 
0 0.102522 0.344846 0.056743 0.037829 
0 0.102705 0.282072 0.056743 0.037829 
0 0.102887 0.156524 0.056743 0.037829 
0 0.102887 0.219298 0.056743 0.037829 
0 0.138889 0.849232 0.056743 0.037829 
0 0.139803 0.786184 0.056743 0.037829 
0 0.140716 0.723136 0.056743 0.037829 
0 0.141630 0.659814 0.056743 0.037829 
0 0.142544 0.597039 0.056743 0.037829 
0 0.143275 0.533991 0.056743 0.037829 
0 0.143823 0.470943 0.056743 0.037829 
0 0.144371 0.408169 0.056743 0.037829 
0 0.144554 0.345121 0.056743 0.037829 
0 0.144737 0.282346 0.056743 0.037829 
0 0.144920 0.157072 0.056743 0.037829 
0 0.144920 0.219846 0.056743 0.037829 
0 0.181652 0.849232 0.056743 0.037829 
0 0.182383 0.786184 0.056743 0.037829 
0 0.183297 0.722862 0.056743 0.037829 
0 0.184028 0.659814 0.056743 0.037829 
0 0.184942 0.596765 0.056743 0.037829 
0 0.185490 0.533991 0.056743 0.037829 
0 0.186038 0.470943 0.056743 0.037829 
0 0.186404 0.408169 0.056743 0.037829 
0 0.186769 0.345669 0.056743 0.037829 
0 0.186952 0.157621 0.056743 0.037829 
0 0.186952 0.220395 0.056743 0.037829 
0 0.186952 0.282895 0.056743 0.037829 
0 0.224232 0.849232 0.056743 0.037829 
0 0.224963 0.786184 0.056743 0.037829 
0 0.225694 0.722862 0.056743 0.037829 
0 0.226425 0.659814 0.056743 0.037829 
0 0.227156 0.596765 0.056743 0.037829 
0 0.227705 0.533991 0.056743 0.037829 
0 0.228253 0.471217 0.056743 0.037829 
0 0.228436 0.408443 0.056743 0.037829 
0 0.228801 0.283443 0.056743 0.037829 
0 0.228801 0.345943 0.056743 0.037829 
0 0.228984 0.158443 0.056743 0.037829 
0 0.228984 0.220943 0.056743 0.037829 
0 0.266813 0.849232 0.056743 0.037829 
0 0.267544 0.785910 0.056743 0.037829 
0 0.268092 0.722862 0.056743 0.037829 
0 0.268823 0.659814 0.056743 0.037829 
0 0.269371 0.596765 0.056743 0.037829 
0 0.269920 0.533717 0.056743 0.037829 
0 0.270285 0.471217 0.056743 0.037829 
0 0.270468 0.408717 0.056743 0.037829 
0 0.270651 0.346217 0.056743 0.037829 
0 0.270833 0.159265 0.056743 0.037829 
0 0.270833 0.221491 0.056743 0.037829 
0 0.270833 0.283991 0.056743 0.037829 
0 0.309393 0.849232 0.056743 0.037829 
0 0.309942 0.785910 0.056743 0.037829 
0 0.310490 0.722862 0.056743 0.037829 
0 0.311038 0.659539 0.056743 0.037829 
0 0.311586 0.596491 0.056743 0.037829 
0 0.311952 0.533717 0.056743 0.037829 
0 0.312135 0.471217 0.056743 0.037829 
0 0.312317 0.408991 0.056743 0.037829 
0 0.312500 0.284539 0.056743 0.037829 
0 0.312500 0.346765 0.056743 0.037829 
0 0.312683 0.159814 0.056743 0.037829 
0 0.312683 0.222314 0.056743 0.037829 
0 0.351974 0.849232 0.056743 0.037829 
0 0.352339 0.785910 0.056743 0.037829 
0 0.352705 0.722862 0.056743 0.037829 
0 0.353070 0.659539 0.056743 0.037829 
0 0.353436 0.596491 0.056743 0.037829 
0 0.353801 0.533717 0.056743 0.037829 
0 0.353984 0.471217 0.056743 0.037829 
0 0.354167 0.347039 0.056743 0.037829 
0 0.354167 0.409265 0.056743 0.037829 
0 0.354349 0.160636 0.056743 0.037829 
0 0.354349 0.222862 0.056743 0.037829 
0 0.354349 0.285088 0.056743 0.037829 
0 0.394189 0.849232 0.056743 0.037829 
0 0.394554 0.785910 0.056743 0.037829 
0 0.394737 0.722862 0.056743 0.037829 
0 0.395102 0.659539 0.056743 0.037829 
0 0.395285 0.596491 0.056743 0.037829 
0 0.395651 0.471491 0.056743 0.037829 
0 0.395651 0.533717 0.056743 0.037829 
0 0.395833 0.161458 0.056743 0.037829 
0 0.395833 0.223410 0.056743 0.037829 
0 0.395833 0.285636 0.056743 0.037829 
0 0.395833 0.347588 0.056743 0.037829 
0 0.395833 0.409539 0.056743 0.037829 
0 0.436221 0.849232 0.056743 0.037829 
0 0.436404 0.785910 0.056743 0.037829 
0 0.436586 0.722862 0.056743 0.037829 
0 0.436769 0.659539 0.056743 0.037829 
0 0.437135 0.285910 0.056743 0.037829 
0 0.437135 0.347862 0.056743 0.037829 
0 0.437135 0.596765 0.056743 0.037829 
0 0.437317 0.162007 0.056743 0.037829 
0 0.437317 0.224232 0.056743 0.037829 
0 0.437317 0.409814 0.056743 0.037829 
0 0.437317 0.471765 0.056743 0.037829 
0 0.437317 0.533991 0.056743 0.037829 
0 0.477887 0.849232 0.056743 0.037829 
0 0.478253 0.722862 0.056743 0.037829 
0 0.478253 0.785910 0.056743 0.037829 
0 0.478436 0.162555 0.056743 0.037829 
0 0.478436 0.224507 0.056743 0.037829 
0 0.478436 0.286458 0.056743 0.037829 
0 0.478436 0.659814 0.056743 0.037829 
0 0.478618 0.348410 0.056743 0.037829 
0 0.478618 0.410088 0.056743 0.037829 
0 0.478618 0.472039 0.056743 0.037829 
0 0.478618 0.534265 0.056743 0.037829 
0 0.478618 0.596765 0.056743 0.037829 
0 0.519371 0.163103 0.056743 0.037829 
0 0.519554 0.225055 0.056743 0.037829 
0 0.519554 0.849232 0.056743 0.037829 
0 0.519737 0.287007 0.056743 0.037829 
0 0.519737 0.348684 0.056743 0.037829 
0 0.519737 0.785910 0.056743 0.037829 
0 0.519920 0.410362 0.056743 0.037829 
0 0.519920 0.472588 0.056743 0.037829 
0 0.519920 0.660088 0.056743 0.037829 
0 0.519920 0.722862 0.056743 0.037829 
0 0.520102 0.534814 0.056743 0.037829 
0 0.520102 0.597314 0.056743 0.037829 
0 0.560490 0.163377 0.056743 0.037829 
0 0.560673 0.225329 0.056743 0.037829 
0 0.560855 0.287281 0.056743 0.037829 
0 0.561038 0.348958 0.056743 0.037829 
0 0.561038 0.410910 0.056743 0.037829 
0 0.561038 0.849232 0.056743 0.037829 
0 0.561221 0.472862 0.056743 0.037829 
0 0.561221 0.535088 0.056743 0.037829 
0 0.561221 0.786184 0.056743 0.037829 
0 0.561404 0.597588 0.056743 0.037829 
0 0.561404 0.660362 0.056743 0.037829 
0 0.561404 0.723136 0.056743 0.037829 
0 0.601608 0.163651 0.056743 0.037829 
0 0.601791 0.225603 0.056743 0.037829 
0 0.601974 0.287281 0.056743 0.037829 
0 0.602156 0.349232 0.056743 0.037829 
0 0.602339 0.410910 0.056743 0.037829 
0 0.602522 0.473136 0.056743 0.037829 
0 0.602522 0.535362 0.056743 0.037829 
0 0.602522 0.849232 0.056743 0.037829 
0 0.602705 0.597862 0.056743 0.037829 
0 0.602705 0.786184 0.056743 0.037829 
0 0.602887 0.660362 0.056743 0.037829 
0 0.602887 0.723136 0.056743 0.037829 
0 0.642909 0.163377 0.056743 0.037829 
0 0.642909 0.225603 0.056743 0.037829 
0 0.643092 0.287281 0.056743 0.037829 
0 0.643458 0.349232 0.056743 0.037829 
0 0.643640 0.411184 0.056743 0.037829 
0 0.643823 0.473410 0.056743 0.037829 
0 0.643823 0.535636 0.056743 0.037829 
0 0.644189 0.598136 0.056743 0.037829 
0 0.644371 0.660636 0.056743 0.037829 
0 0.644371 0.723410 0.056743 0.037829 
0 0.644371 0.786458 0.056743 0.037829 
0 0.644371 0.849507 0.056743 0.037829 
0 0.684211 0.163377 0.056743 0.037829 
0 0.684393 0.225329 0.056743 0.037829 
0 0.684576 0.287281 0.056743 0.037829 
0 0.684759 0.349232 0.056743 0.037829 
0 0.684942 0.411184 0.056743 0.037829 
0 0.685124 0.473410 0.056743 0.037829 
0 0.685307 0.535636 0.056743 0.037829 
0 0.685673 0.598136 0.056743 0.037829 
0 0.685855 0.660910 0.056743 0.037829 
0 0.686038 0.723684 0.056743 0.037829 
0 0.686221 0.786458 0.056743 0.037829 
0 0.686404 0.849507 0.056743 0.037829 
0 0.725694 0.162829 0.056743 0.037829 
0 0.725694 0.225055 0.056743 0.037829 
0 0.725877 0.287007 0.056743 0.037829 
0 0.726060 0.348958 0.056743 0.037829 
0 0.726243 0.411184 0.056743 0.037829 
0 0.726425 0.473136 0.056743 0.037829 
0 0.726791 0.535636 0.056743 0.037829 
0 0.727156 0.598136 0.056743 0.037829 
0 0.727522 0.660910 0.056743 0.037829 
0 0.727887 0.723684 0.056743 0.037829 
0 0.728253 0.786732 0.056743 0.037829 
0 0.728436 0.849781 0.056743 0.037829 
0 0.767178 0.162555 0.056743 0.037829 
0 0.767361 0.224781 0.056743 0.037829 
0 0.767361 0.287007 0.056743 0.037829 
0 0.767544 0.348958 0.056743 0.037829 
0 0.767727 0.410910 0.056743 0.037829 
0 0.767909 0.473136 0.056743 0.037829 
0 0.768275 0.535636 0.056743 0.037829 
0 0.768823 0.598136 0.056743 0.037829 
0 0.769189 0.660910 0.056743 0.037829 
0 0.769737 0.723958 0.056743 0.037829 
0 0.770102 0.787007 0.056743 0.037829 
0 0.770468 0.850329 0.056743 0.037829 
0 0.808845 0.162281 0.056743 0.037829 
0 0.808845 0.224507 0.056743 0.037829 
0 0.809028 0.286732 0.056743 0.037829 
0 0.809028 0.348684 0.056743 0.037829 
0 0.809211 0.410910 0.056743 0.037829 
0 0.809576 0.473136 0.056743 0.037829 
0 0.809942 0.535362 0.056743 0.037829 
0 0.810307 0.598136 0.056743 0.037829 
0 0.811038 0.661184 0.056743 0.037829 
0 0.811586 0.724232 0.056743 0.037829 
0 0.812135 0.787281 0.056743 0.037829 
0 0.812500 0.850603 0.056743 0.037829 
0 0.850512 0.162007 0.056743 0.037829 
0 0.850512 0.224232 0.056743 0.037829 
0 0.850512 0.286458 0.056743 0.037829 
0 0.850694 0.348684 0.056743 0.037829 
0 0.850877 0.410910 0.056743 0.037829 
0 0.851243 0.473136 0.056743 0.037829 
0 0.851608 0.535362 0.056743 0.037829 
0 0.852156 0.598136 0.056743 0.037829 
0 0.852705 0.661184 0.056743 0.037829 
0 0.853436 0.724232 0.056743 0.037829 
0 0.854167 0.787555 0.056743 0.037829 
0 0.854532 0.850603 0.056743 0.037829 