0 0.053545 0.151042 0.056743 0.037829 
0 0.054642 0.214090 0.056743 0.037829 
0 0.055738 0.277138 0.056743 0.037829 
0 0.056835 0.340186 0.056743 0.037829 
0 0.057749 0.403235 0.056743 0.037829 
0 0.058662 0.466283 0.056743 0.037829 
0 0.059393 0.529331 0.056743 0.037829 
0 0.059942 0.592654 0.056743 0.037829 
0 0.060307 0.655702 0.056743 0.037829 
0 0.060490 0.718750 0.056743 0.037829 
0 0.060673 0.781524 0.056743 0.037829 
0 0.060855 0.844298 0.056743 0.037829 
0 0.096126 0.151042 0.056743 0.037829 
0 0.097039 0.214090 0.056743 0.037829 
0 0.098136 0.277138 0.056743 0.037829 
0 0.099232 0.340186 0.056743 0.037829 
0 0.100146 0.403235 0.056743 0.037829 
0 0.101060 0.466283 0.056743 0.037829 
0 0.101608 0.529331 0.056743 0.037829 
0 0.102156 0.592379 0.056743 0.037829 
0 0.102522 0.655428 0.056743 0.037829 
0 0.102705 0.718202 0.056743 0.037829 
0 0.102887 0.780976 0.056743 0.037829 
0 0.102887 0.843750 0.056743 0.037829 
0 0.138889 0.151042 0.056743 0.037829 
0 0.139803 0.214090 0.056743 0.037829 
0 0.140716 0.277138 0.056743 0.037829 
0 0.141630 0.340461 0.056743 0.037829 
0 0.142544 0.403235 0.056743 0.037829 
0 0.143275 0.466283 0.056743 0.037829 
0 0.143823 0.529331 0.056743 0.037829 
0 0.144371 0.592105 0.056743 0.037829 
0 0.144554 0.655154 0.056743 0.037829 
0 0.144737 0.717928 0.056743 0.037829 
0 0.144920 0.780428 0.056743 0.037829 
0 0.144920 0.843202 0.056743 0.037829 
0 0.181652 0.151042 0.056743 0.037829 
0 0.182383 0.214090 0.056743 0.037829 
0 0.183297 0.277412 0.056743 0.037829 
0 0.184028 0.340461 0.056743 0.037829 
0 0.184942 0.403509 0.056743 0.037829 
0 0.185490 0.466283 0.056743 0.037829 
0 0.186038 0.529331 0.056743 0.037829 
0 0.186404 0.592105 0.056743 0.037829 
0 0.186769 0.654605 0.056743 0.037829 
0 0.186952 0.717379 0.056743 0.037829 
0 0.186952 0.779879 0.056743 0.037829 
0 0.186952 0.842654 0.056743 0.037829 
0 0.224232 0.151042 0.056743 0.037829 
0 0.224963 0.214090 0.056743 0.037829 
0 0.225694 0.277412 0.056743 0.037829 
0 0.226425 0.340461 0.056743 0.037829 
0 0.227156 0.403509 0.056743 0.037829 
0 0.227705 0.466283 0.056743 0.037829 
0 0.228253 0.529057 0.056743 0.037829 
0 0.228436 0.591831 0.056743 0.037829 
0 0.228801 0.654331 0.056743 0.037829 
0 0.228801 0.716831 0.056743 0.037829 
0 0.228984 0.779331 0.056743 0.037829 
0 0.228984 0.841831 0.056743 0.037829 
0 0.266813 0.151042 0.056743 0.037829 
0 0.267544 0.214364 0.056743 0.037829 
0 0.268092 0.277412 0.056743 0.037829 
0 0.268823 0.340461 0.056743 0.037829 
0 0.269371 0.403509 0.056743 0.037829 
0 0.269920 0.466557 0.056743 0.037829 
0 0.270285 0.529057 0.056743 0.037829 
0 0.270468 0.591557 0.056743 0.037829 
0 0.270651 0.654057 0.056743 0.037829 
0 0.270833 0.716283 0.056743 0.037829 
0 0.270833 0.778783 0.056743 0.037829 
0 0.270833 0.841009 0.056743 0.037829 
0 0.309393 0.151042 0.056743 0.037829 
0 0.309942 0.214364 0.056743 0.037829 
0 0.310490 0.277412 0.056743 0.037829 
0 0.311038 0.340735 0.056743 0.037829 
0 0.311586 0.403783 0.056743 0.037829 
0 0.311952 0.466557 0.056743 0.037829 
0 0.312135 0.529057 0.056743 0.037829 
0 0.312317 0.591283 0.056743 0.037829 
0 0.312500 0.653509 0.056743 0.037829 
0 0.312500 0.715735 0.056743 0.037829 
0 0.312683 0.777961 0.056743 0.037829 
0 0.312683 0.840461 0.056743 0.037829 
0 0.351974 0.151042 0.056743 0.037829 
0 0.352339 0.214364 0.056743 0.037829 
0 0.352705 0.277412 0.056743 0.037829 
0 0.353070 0.340735 0.056743 0.037829 
0 0.353436 0.403783 0.056743 0.037829 
0 0.353801 0.466557 0.056743 0.037829 
0 0.353984 0.529057 0.056743 0.037829 
0 0.354167 0.591009 0.056743 0.037829 
0 0.354167 0.653235 0.056743 0.037829 
0 0.354349 0.715186 0.056743 0.037829 
0 0.354349 0.777412 0.056743 0.037829 
0 0.354349 0.839638 0.056743 0.037829 
0 0.394189 0.151042 0.056743 0.037829 
0 0.394554 0.214364 0.056743 0.037829 
0 0.394737 0.277412 0.056743 0.037829 
0 0.395102 0.340735 0.056743 0.037829 
0 0.395285 0.403783 0.056743 0.037829 
0 0.395651 0.466557 0.056743 0.037829 
0 0.395651 0.528783 0.056743 0.037829 
0 0.395833 0.590735 0.056743 0.037829 
0 0.395833 0.652686 0.056743 0.037829 
0 0.395833 0.714638 0.056743 0.037829 
0 0.395833 0.776864 0.056743 0.037829 
0 0.395833 0.838816 0.056743 0.037829 
0 0.436221 0.151042 0.056743 0.037829 
0 0.436404 0.214364 0.056743 0.037829 
0 0.436586 0.277412 0.056743 0.037829 
0 0.436769 0.340735 0.056743 0.037829 
0 0.437135 0.403509 0.056743 0.037829 
0 0.437135 0.652412 0.056743 0.037829 
0 0.437135 0.714364 0.056743 0.037829 
0 0.437317 0.466283 0.056743 0.037829 
0 0.437317 0.528509 0.056743 0.037829 
0 0.437317 0.590461 0.056743 0.037829 
0 0.437317 0.776042 0.056743 0.037829 
0 0.437317 0.838268 0.056743 0.037829 
0 0.477887 0.151042 0.056743 0.037829 
0 0.478253 0.214364 0.056743 0.037829 
0 0.478253 0.277412 0.056743 0.037829 
0 0.478436 0.340461 0.056743 0.037829 
0 0.478436 0.713816 0.056743 0.037829 
0 0.478436 0.775768 0.056743 0.037829 
0 0.478436 0.837719 0.056743 0.037829 
0 0.478618 0.403509 0.056743 0.037829 
0 0.478618 0.466009 0.056743 0.037829 
0 0.478618 0.528235 0.056743 0.037829 
0 0.478618 0.590186 0.056743 0.037829 
0 0.478618 0.651864 0.056743 0.037829 
0 0.519371 0.837171 0.056743 0.037829 
0 0.519554 0.151042 0.056743 0.037829 
0 0.519554 0.775219 0.056743 0.037829 
0 0.519737 0.214364 0.056743 0.037829 
0 0.519737 0.651590 0.056743 0.037829 
0 0.519737 0.713268 0.056743 0.037829 
0 0.519920 0.277412 0.056743 0.037829 
0 0.519920 0.340186 0.056743 0.037829 
0 0.519920 0.527686 0.056743 0.037829 
0 0.519920 0.589912 0.056743 0.037829 
0 0.520102 0.402961 0.056743 0.037829 
0 0.520102 0.465461 0.056743 0.037829 
0 0.560490 0.836897 0.056743 0.037829 
0 0.560673 0.774945 0.056743 0.037829 
0 0.560855 0.712993 0.056743 0.037829 
0 0.561038 0.151042 0.056743 0.037829 
0 0.561038 0.589364 0.056743 0.037829 
0 0.561038 0.651316 0.056743 0.037829 
0 0.561221 0.214090 0.056743 0.037829 
0 0.561221 0.465186 0.056743 0.037829 
0 0.561221 0.527412 0.056743 0.037829 
0 0.561404 0.277138 0.056743 0.037829 
0 0.561404 0.339912 0.056743 0.037829 
0 0.561404 0.402686 0.056743 0.037829 
0 0.601608 0.836623 0.056743 0.037829 
0 0.601791 0.774671 0.056743 0.037829 
0 0.601974 0.712993 0.056743 0.037829 
0 0.602156 0.651042 0.056743 0.037829 
0 0.602339 0.589364 0.056743 0.037829 
0 0.602522 0.151042 0.056743 0.037829 
0 0.602522 0.464912 0.056743 0.037829 
0 0.602522 0.527138 0.056743 0.037829 
0 0.602705 0.214090 0.056743 0.037829 
0 0.602705 0.402412 0.056743 0.037829 
0 0.602887 0.277138 0.056743 0.037829 
0 0.602887 0.339912 0.056743 0.037829 
0 0.642909 0.774671 0.056743 0.037829 
0 0.642909 0.836897 0.056743 0.037829 
0 0.643092 0.712993 0.056743 0.037829 
0 0.643458 0.651042 0.056743 0.037829 
0 0.643640 0.589090 0.056743 0.037829 
0 0.643823 0.464638 0.056743 0.037829 
0 0.643823 0.526864 0.056743 0.037829 
0 0.644189 0.402138 0.056743 0.037829 
0 0.644371 0.150768 0.056743 0.037829 
0 0.644371 0.213816 0.056743 0.037829 
0 0.644371 0.276864 0.056743 0.037829 
0 0.644371 0.339638 0.056743 0.037829 
0 0.684211 0.836897 0.056743 0.037829 
0 0.684393 0.774945 0.056743 0.037829 
0 0.684576 0.712993 0.056743 0.037829 
0 0.684759 0.651042 0.056743 0.037829 
0 0.684942 0.589090 0.056743 0.037829 
0 0.685124 0.526864 0.056743 0.037829 
0 0.685307 0.464638 0.056743 0.037829 
0 0.685673 0.402138 0.056743 0.037829 
0 0.685855 0.339364 0.056743 0.037829 
0 0.686038 0.276590 0.056743 0.037829 
0 0.686221 0.213816 0.056743 0.037829 
0 0.686404 0.150768 0.056743 0.037829 
0 0.725694 0.775219 0.056743 0.037829 
0 0.725694 0.837445 0.056743 0.037829 
0 0.725877 0.713268 0.056743 0.037829 
0 0.726060 0.651316 0.056743 0.037829 
0 0.726243 0.589090 0.056743 0.037829 
0 0.726425 0.527138 0.056743 0.037829 
0 0.726791 0.464638 0.056743 0.037829 
0 0.727156 0.402138 0.056743 0.037829 
0 0.727522 0.339364 0.056743 0.037829 
0 0.727887 0.276590 0.056743 0.037829 
0 0.728253 0.213542 0.056743 0.037829 
0 0.728436 0.150493 0.056743 0.037829 
0 0.767178 0.837719 0.056743 0.037829 
0 0.767361 0.713268 0.056743 0.037829 
0 0.767361 0.775493 0.056743 0.037829 
0 0.767544 0.651316 0.056743 0.037829 
0 0.767727 0.589364 0.056743 0.037829 
0 0.767909 0.527138 0.056743 0.037829 
0 0.768275 0.464638 0.056743 0.037829 
0 0.768823 0.402138 0.056743 0.037829 
0 0.769189 0.339364 0.056743 0.037829 
0 0.769737 0.276316 0.056743 0.037829 
0 0.770102 0.213268 0.056743 0.037829 
0 0.770468 0.149945 0.056743 0.037829 
0 0.808845 0.775768 0.056743 0.037829 
0 0.808845 0.837993 0.056743 0.037829 
0 0.809028 0.651590 0.056743 0.037829 
0 0.809028 0.713542 0.056743 0.037829 
0 0.809211 0.589364 0.056743 0.037829 
0 0.809576 0.527138 0.056743 0.037829 
0 0.809942 0.464912 0.056743 0.037829 
0 0.810307 0.402138 0.056743 0.037829 
0 0.811038 0.339090 0.056743 0.037829 
0 0.811586 0.276042 0.056743 0.037829 
0 0.812135 0.212993 0.056743 0.037829 
0 0.812500 0.149671 0.056743 0.037829 
0 0.850512 0.713816 0.056743 0.037829 
0 0.850512 0.776042 0.056743 0.037829 
0 0.850512 0.838268 0.056743 0.037829 
0 0.850694 0.651590 0.056743 0.037829 
0 0.850877 0.589364 0.056743 0.037829 
0 0.851243 0.527138 0.056743 0.037829 
0 0.851608 0.464912 0.056743 0.037829 
0 0.852156 0.402138 0.056743 0.037829 
0 0.852705 0.339090 0.056743 0.037829 
0 0.853436 0.276042 0.056743 0.037829 
0 0.854167 0.212719 0.056743 0.037829 
0 0.854532 0.149671 0.056743 0.037829 