0 0.049555 0.162780 0.057840 0.038560 
0 0.051385 0.225787 0.057840 0.038377 
0 0.053215 0.288802 0.057840 0.038377 
0 0.055045 0.351818 0.057840 0.038377 
0 0.056692 0.414839 0.057840 0.038377 
0 0.058340 0.477850 0.057840 0.038560 
0 0.059804 0.540866 0.057840 0.038560 
0 0.061090 0.604163 0.057840 0.038560 
0 0.062189 0.667190 0.057840 0.038560 
0 0.063106 0.730222 0.057566 0.038560 
0 0.064019 0.792980 0.057566 0.038560 
0 0.064932 0.855739 0.057566 0.038560 
0 0.092128 0.161664 0.057840 0.038560 
0 0.093775 0.224678 0.057840 0.038377 
0 0.095605 0.287694 0.057840 0.038377 
0 0.097435 0.350711 0.057840 0.038377 
0 0.099082 0.413728 0.057840 0.038560 
0 0.100730 0.476738 0.057840 0.038560 
0 0.102012 0.539759 0.057840 0.038560 
0 0.103294 0.602782 0.057840 0.038560 
0 0.104394 0.665808 0.057840 0.038560 
0 0.105307 0.728567 0.057840 0.038560 
0 0.106220 0.791325 0.057840 0.038560 
0 0.106950 0.854089 0.057840 0.038560 
0 0.134884 0.160542 0.057840 0.038377 
0 0.136531 0.223562 0.057840 0.038377 
0 0.138179 0.286583 0.057840 0.038377 
0 0.139830 0.349878 0.057840 0.038377 
0 0.141473 0.412616 0.057840 0.038560 
0 0.142938 0.475633 0.057840 0.038560 
0 0.144220 0.538654 0.057840 0.038560 
0 0.145499 0.601402 0.057840 0.038560 
0 0.146415 0.664434 0.057840 0.038560 
0 0.147329 0.727192 0.057840 0.038560 
0 0.148238 0.789677 0.057840 0.038560 
0 0.148968 0.852441 0.057840 0.038560 
0 0.177639 0.159426 0.057840 0.038377 
0 0.179104 0.222451 0.057840 0.038377 
0 0.180755 0.285745 0.057840 0.038377 
0 0.182220 0.348767 0.057840 0.038560 
0 0.183867 0.411778 0.057840 0.038560 
0 0.185146 0.474526 0.057840 0.038560 
0 0.186428 0.537547 0.057840 0.038560 
0 0.187524 0.600300 0.057840 0.038560 
0 0.188616 0.662779 0.057840 0.038560 
0 0.189529 0.725537 0.057840 0.038560 
0 0.190256 0.788027 0.057840 0.038560 
0 0.190987 0.850790 0.057840 0.038377 
0 0.220213 0.158315 0.057840 0.038377 
0 0.221678 0.221339 0.057840 0.038377 
0 0.223147 0.284638 0.057840 0.038377 
0 0.224611 0.347656 0.057840 0.038560 
0 0.226076 0.410672 0.057840 0.038560 
0 0.227354 0.473420 0.057840 0.038560 
0 0.228632 0.536167 0.057840 0.038560 
0 0.229546 0.598926 0.057840 0.038560 
0 0.230638 0.661404 0.057840 0.038560 
0 0.231365 0.723894 0.057840 0.038560 
0 0.232275 0.786378 0.057840 0.038560 
0 0.233001 0.848868 0.057840 0.038377 
0 0.262786 0.157203 0.057840 0.038377 
0 0.264255 0.220501 0.057840 0.038377 
0 0.265536 0.283528 0.057840 0.038377 
0 0.267000 0.346545 0.057840 0.038560 
0 0.268283 0.409567 0.057840 0.038560 
0 0.269565 0.472589 0.057840 0.038560 
0 0.270657 0.535067 0.057840 0.038560 
0 0.271567 0.597551 0.057840 0.038560 
0 0.272476 0.660035 0.057840 0.038560 
0 0.273383 0.722245 0.057840 0.038560 
0 0.274110 0.784734 0.057840 0.038560 
0 0.274833 0.846950 0.057840 0.038377 
0 0.305359 0.156091 0.057840 0.038377 
0 0.306645 0.219393 0.057840 0.038377 
0 0.307926 0.282417 0.057840 0.038560 
0 0.309212 0.345713 0.057840 0.038560 
0 0.310494 0.408734 0.057840 0.038560 
0 0.311590 0.471488 0.057840 0.038560 
0 0.312499 0.533971 0.057840 0.038560 
0 0.313406 0.596181 0.057840 0.038560 
0 0.314312 0.658391 0.057840 0.038560 
0 0.315035 0.720606 0.057840 0.038560 
0 0.315941 0.782817 0.057840 0.038560 
0 0.316668 0.845306 0.057840 0.038377 
0 0.347932 0.154980 0.057840 0.038377 
0 0.349035 0.218283 0.057840 0.038560 
0 0.350134 0.281310 0.057840 0.038560 
0 0.351237 0.344612 0.057840 0.038560 
0 0.352337 0.407639 0.057840 0.038560 
0 0.353432 0.470392 0.057840 0.038560 
0 0.354342 0.532875 0.057840 0.038560 
0 0.355244 0.594812 0.057840 0.038560 
0 0.355968 0.657027 0.057840 0.038560 
0 0.356870 0.718963 0.057840 0.038560 
0 0.357594 0.781179 0.057840 0.038560 
0 0.358317 0.843394 0.057840 0.038560 
0 0.390140 0.153875 0.057840 0.038377 
0 0.391243 0.217177 0.057840 0.038560 
0 0.392159 0.280209 0.057840 0.038560 
0 0.393262 0.343511 0.057840 0.038560 
0 0.394179 0.406543 0.057840 0.038560 
0 0.395275 0.469296 0.057840 0.038560 
0 0.395998 0.531511 0.057840 0.038560 
0 0.396901 0.593447 0.057840 0.038560 
0 0.397620 0.655388 0.057840 0.038560 
0 0.398340 0.717329 0.057840 0.038560 
0 0.399064 0.779545 0.057566 0.038560 
0 0.399785 0.841488 0.057566 0.038560 
0 0.432165 0.152775 0.057840 0.038377 
0 0.433085 0.216081 0.057840 0.038560 
0 0.434002 0.279114 0.057840 0.038560 
0 0.434922 0.342420 0.057840 0.038560 
0 0.436018 0.405173 0.057840 0.038560 
0 0.436931 0.467932 0.057840 0.038560 
0 0.437654 0.530146 0.057840 0.038560 
0 0.438374 0.592088 0.057840 0.038560 
0 0.438911 0.654034 0.057840 0.038560 
0 0.439631 0.715977 0.057566 0.038560 
0 0.440534 0.777639 0.057566 0.038560 
0 0.441258 0.839854 0.057566 0.038560 
0 0.473825 0.151684 0.057840 0.038377 
0 0.474927 0.214985 0.057840 0.038560 
0 0.475661 0.278023 0.057840 0.038560 
0 0.476578 0.341056 0.057840 0.038560 
0 0.477495 0.404089 0.057840 0.038560 
0 0.478222 0.466578 0.057840 0.038560 
0 0.478945 0.528792 0.057840 0.038560 
0 0.479664 0.590734 0.057840 0.038560 
0 0.480382 0.652402 0.057566 0.038560 
0 0.480921 0.714349 0.057566 0.038560 
0 0.481644 0.776290 0.057566 0.038560 
0 0.482366 0.838231 0.057566 0.038560 
0 0.515485 0.150593 0.057840 0.038377 
0 0.516404 0.213901 0.057840 0.038377 
0 0.517321 0.276933 0.057840 0.038560 
0 0.518051 0.339697 0.057840 0.038560 
0 0.518965 0.402455 0.057840 0.038560 
0 0.519692 0.464945 0.057840 0.038560 
0 0.520232 0.527164 0.057840 0.038560 
0 0.520956 0.589381 0.057566 0.038560 
0 0.521492 0.651054 0.057566 0.038560 
0 0.522212 0.712721 0.057566 0.038560 
0 0.522752 0.774667 0.057566 0.038560 
0 0.523292 0.836614 0.057566 0.038560 
0 0.556962 0.149505 0.057840 0.038377 
0 0.557878 0.212540 0.057840 0.038377 
0 0.558794 0.275574 0.057840 0.038560 
0 0.559524 0.338338 0.057840 0.038560 
0 0.560255 0.401101 0.057840 0.038560 
0 0.560799 0.463596 0.057566 0.038560 
0 0.561523 0.525812 0.057566 0.038560 
0 0.562062 0.587759 0.057566 0.038560 
0 0.562785 0.649701 0.057566 0.038560 
0 0.563322 0.711373 0.057566 0.038560 
0 0.563862 0.773319 0.057566 0.038560 
0 0.564403 0.835265 0.057566 0.038560 
0 0.598439 0.148418 0.057566 0.038377 
0 0.599355 0.211453 0.057566 0.038377 
0 0.600272 0.274489 0.057566 0.038377 
0 0.601002 0.337253 0.057566 0.038560 
0 0.601546 0.399749 0.057566 0.038560 
0 0.602091 0.462245 0.057566 0.038560 
0 0.602816 0.524460 0.057566 0.038560 
0 0.603359 0.586679 0.057566 0.038560 
0 0.603896 0.648352 0.057566 0.038560 
0 0.604436 0.710299 0.057566 0.038560 
0 0.604972 0.771971 0.057566 0.038560 
0 0.605512 0.833917 0.057566 0.038560 
0 0.640280 0.147047 0.057566 0.038377 
0 0.641013 0.210087 0.057566 0.038377 
0 0.641746 0.273128 0.057566 0.038377 
0 0.642477 0.335894 0.057566 0.038377 
0 0.643021 0.398390 0.057566 0.038377 
0 0.643384 0.460890 0.057566 0.038377 
0 0.644109 0.523105 0.057566 0.038560 
0 0.644652 0.585325 0.057566 0.038560 
0 0.645191 0.647272 0.057566 0.038560 
0 0.645549 0.709224 0.057566 0.038560 
0 0.646086 0.770897 0.057566 0.038560 
0 0.646811 0.833112 0.057566 0.038560 
0 0.682307 0.145948 0.057566 0.038377 
0 0.682858 0.208992 0.057566 0.038377 
0 0.683405 0.271763 0.057566 0.038377 
0 0.683953 0.334533 0.057566 0.038377 
0 0.684501 0.397303 0.057566 0.038377 
0 0.684863 0.459803 0.057566 0.038377 
0 0.685406 0.522025 0.057566 0.038377 
0 0.685948 0.584246 0.057566 0.038377 
0 0.686487 0.646192 0.057566 0.038560 
0 0.687027 0.708139 0.057566 0.038560 
0 0.687567 0.770086 0.057566 0.038560 
0 0.688106 0.832033 0.057566 0.038560 
0 0.724332 0.144575 0.057566 0.038377 
0 0.724882 0.207618 0.057566 0.038377 
0 0.725249 0.270667 0.057566 0.038377 
0 0.725615 0.333441 0.057566 0.038377 
0 0.725979 0.396216 0.057566 0.038377 
0 0.726342 0.458715 0.057566 0.038377 
0 0.726704 0.521214 0.057566 0.038377 
0 0.727245 0.583162 0.057566 0.038377 
0 0.727787 0.645385 0.057566 0.038377 
0 0.728326 0.707332 0.057566 0.038377 
0 0.728866 0.769280 0.057566 0.038377 
0 0.729590 0.831496 0.057566 0.038560 
0 0.766353 0.142927 0.057566 0.038377 
0 0.766724 0.206249 0.057566 0.038377 
0 0.767091 0.269297 0.057566 0.038377 
0 0.767276 0.332349 0.057566 0.038377 
0 0.767641 0.395124 0.057566 0.038377 
0 0.767821 0.457627 0.057566 0.038377 
0 0.768183 0.520127 0.057566 0.038377 
0 0.768726 0.582349 0.057566 0.038377 
0 0.769265 0.644297 0.057566 0.038377 
0 0.769805 0.706245 0.057566 0.038377 
0 0.770530 0.768463 0.057566 0.038377 
0 0.771071 0.830685 0.057840 0.038377 
0 0.808377 0.141553 0.057566 0.038377 
0 0.808748 0.204875 0.057566 0.038377 
0 0.808932 0.267927 0.057566 0.038377 
0 0.809117 0.330979 0.057566 0.038377 
0 0.809119 0.394036 0.057566 0.038377 
0 0.809485 0.456810 0.057566 0.038377 
0 0.809844 0.519035 0.057566 0.038377 
0 0.810204 0.581262 0.057566 0.038377 
0 0.810747 0.643483 0.057566 0.038377 
0 0.811469 0.705427 0.057566 0.038377 
0 0.812011 0.767650 0.057566 0.038377 
0 0.812734 0.829868 0.057840 0.038377 
0 0.850404 0.140452 0.057566 0.038377 
0 0.850772 0.203500 0.057566 0.038377 
0 0.850776 0.266831 0.057566 0.038377 
0 0.850779 0.329887 0.057566 0.038377 
0 0.850964 0.392940 0.057566 0.038377 
0 0.851146 0.455717 0.057566 0.038377 
0 0.851506 0.517943 0.057566 0.038377 
0 0.851865 0.580169 0.057566 0.038377 
0 0.852408 0.642391 0.057566 0.038377 
0 0.852950 0.704613 0.057566 0.038377 
0 0.853674 0.766832 0.057840 0.038377 
0 0.854397 0.829051 0.057840 0.038377 